5370
2397
12925
17350
19026
3248
5735
4969
5245
10910
14955
15345
3718
72
15681
12695
14993
13393
7763
658
4120
16210
15749
4491
1393
18287
12886
15083
17567
13216
11573
4769
9992
1248
7534
10578
2675
18988
19376
2998
9360
10560
15815
14393
4199
12068
13021
18505
7107
2200
18964
17522
404
9786
14317
18185
13903
16486
14831
10616
2873
13410
2142
1418
4458
16310
425
17881
15533
19334
2348
7413
19229
17960
772
6560
6276
1227
16741
1877
17826
3890
10639
2795
4924
1580
14411
13449
16648
3129
14935
10238
8216
7397
1120
18759
11547
7657
10532
8653
8314
10227
17400
19487
5208
18599
16367
4379
11840
9278
16340
13927
11414
6197
11554
8110
4130
13958
11746
6996
17241
19111
3323
9403
11704
16903
7769
8307
17312
4901
18822
3973
12733
13463
5405
2849
6008
12356
15487
5650
17088
6474
8501
10013
3333
13376
19525
10976
12374
13414
12305
16116
8732
2533
3044
9099
18624
89
1768
15450
12519
12250
11473
14623
19806
7865
9227
14665
18676
17738
14505
13605
16586
11150
2630
12687
16762
10956
15486
11804
10707
1267
11949
11031
14261
12754
15319
5371
3856
11119
6238
1773
14064
9554
3922
8459
12054
15956
3107
2385
10395
11515
12363
4297
6668
1988
5264
9432
10851
3387
15462
16539
5710
3721
18863
12839
5403
9869
17356
11118
15272
10750
15243
12457
9543
19084
4837
13957
6643
2279
11608
13413
5654
15075
7526
11321
8637
18138
8639
4644
18998
19136
15694
2193
714
113
10184
18850
1887
13983
3071
9302
17389
15377
15778
3916
16317
2964
16808
2479
7982
111
17116
19124
11888
17339
17489
14258
8581
10653
14227
12197
10762
6160
12688
960
17523
1941
2121
6431
10120
17626
17548
10045
10495
7571
6663
27
15157
19327
11293
3982
731
12061
8696
8112
327
3187
9803
17056
10106
18934
6670
16918
1567
11449
15506
11665
14078
15762
16038
9723
17034
7496
6889
1482
6641
514
19520
19773
956
18919
16845
13587
12871
7093
11383
609
2339
9399
10735
10123
15916
13428
17216
9622
3092
18091
3208
441
11214
8313
5071
3858
15509
7318
19308
7309
11697
13806
3316
3202
13648
8184
2536
14576
4853
10561
14176
8362
2226
2353
19901
6455
16685
14971
9762
17953
19667
16369
2319
12744
9932
17058
777
19536
2260
8862
16148
7729
5867
8761
665
14186
8569
9479
6222
19693
2972
16022
1490
186
4393
19618
13122
2414
4279
5164
17552
9239
5761
2214
8645
4165
17221
2020
2438
2980
18445
19958
8923
5212
17395
7927
8611
15806
2562
15587
17748
13960
17043
9795
17683
15643
4464
1800
6950
14082
5340
19336
11644
6039
11199
628
3893
8097
16146
15183
1496
3337
11476
3651
12203
4688
17928
10810
6413
7448
18824
54
10370
5798
17206
3051
15760
15581
7431
8357
11795
1181
1991
15343
6187
6952
13251
17871
6381
1975
1385
5920
5051
1288
8113
6614
18502
10602
19514
1525
17955
13969
9465
1238
14507
10505
13823
16513
16185
1355
6703
3720
19751
8136
4790
14154
6031
18959
9796
1835
18732
19144
12216
12055
4007
14991
18669
10172
15380
18376
11963
12832
12298
8221
10222
10700
2947
530
12680
19716
302
18773
2086
575
2691
12891
7085
6899
4193
19518
13671
19796
3512
2498
2543
18017
5795
4028
2255
1637
8854
12777
13682
7714
2464
2783
126
11737
17427
6868
16584
657
16138
12978
3478
10805
237
12586
15327
5338
833
17160
6346
2798
18370
6473
15341
4298
7986
2833
1749
9068
69
17231
6807
1639
17945
1512
19293
16625
3643
18749
1874
9233
7964
5896
10827
13810
2716
6722
10288
7505
15610
17762
1968
1794
12842
13990
5570
7407
17326
12434
2735
6983
6906
1830
10879
12642
18528
9926
11309
16232
11593
14577
2370
15763
11850
19517
13454
14448
15686
13106
14293
2868
15466
2359
294
13168
5543
11578
16810
6717
11052
6985
10331
293
12711
11143
12138
16524
3841
19489
13664
2580
15190
16484
10860
15517
5368
9327
19878
18613
14908
3871
10890
19348
6254
623
14560
7389
19407
19020
9708
4758
12281
12251
18067
17916
10585
11876
6920
4206
1664
1084
1189
18799
9797
16728
6510
17415
5699
7604
9351
104
11404
5043
16536
12964
2599
389
10422
17430
14169
14889
6793
8095
13642
8977
3781
5303
10685
6083
19548
15725
8894
10212
3646
6333
8219
17645
9447
10363
4562
3920
5072
9523
19244
10580
1592
9466
14668
5150
285
12778
17668
9301
12574
9008
14827
12074
5722
17914
7875
6931
8908
11913
18182
7712
11835
6699
18982
8874
821
4369
10959
759
5698
18595
18389
12675
6196
8218
248
16355
2558
1526
19664
12421
11878
9544
6042
4563
12357
5616
18930
2787
18304
15670
3683
10069
14187
11796
13151
17269
11165
18278
15454
2292
411
12246
349
9400
12479
2621
913
8553
5070
18559
13749
9924
1261
13475
11193
15756
9565
14595
9829
10000
7231
6293
15693
15348
9217
16380
11838
15283
7917
10818
19630
10866
16024
3381
17214
12546
13829
14563
10558
17144
4515
11496
14607
3253
9536
11731
14027
18889
2265
20002
634
18654
18331
5206
6434
1688
1430
451
2807
7924
7031
15371
6317
14488
5793
4820
9747
16012
19994
4933
13890
7490
2409
6621
5734
17095
18366
7215
20014
2943
8102
17698
5146
15226
11856
1408
13150
8800
13340
1819
12566
7602
6658
14694
9668
2338
12696
18779
12497
4944
7981
16937
10538
6248
13221
10709
4387
17926
19072
13967
16520
17985
18641
5408
5154
8543
194
1455
1313
15568
15381
11034
8370
8518
1803
3726
11997
15069
15124
11819
13159
1329
16643
2077
17800
1374
8211
18095
19792
8937
8339
8085
16125
7796
3113
1382
12830
16429
16916
505
10595
1964
555
13516
2978
14969
4996
5569
1047
2911
12392
11821
14983
4110
16183
6981
11102
3151
17630
13541
7786
8474
16509
15731
13551
1541
19797
12495
10826
4021
18764
8479
2743
7626
2138
17275
18117
4238
9502
3416
10243
13041
14043
5594
4490
10032
12605
8047
18319
2296
9482
9842
6035
19039
73
9889
15390
5584
12078
13305
12166
3520
16172
289
14589
11684
18936
14779
18115
19044
13517
3225
11196
7899
11751
10710
17697
15910
8417
8426
17688
2889
378
12198
4979
8072
7567
16460
3297
16673
5157
15052
8503
2635
10933
5305
19777
16891
8713
1463
13380
13496
11013
17023
473
16496
4743
17665
15571
14943
14095
387
16689
6914
12436
9440
14591
9581
10644
4830
10692
10368
3024
9151
3880
4386
13792
1344
17843
2977
5859
3909
8082
9607
17449
10610
9830
13457
17515
16666
13359
17872
12779
3838
16836
18539
12234
15206
14184
3341
11961
3280
6775
6485
19378
8119
10286
3038
15329
2245
1406
9013
18165
8099
13770
10255
2148
4250
19196
12179
15877
5630
15704
14278
9617
17956
15989
7154
5738
10583
11642
5599
5440
9891
1226
11911
1167
6489
5289
12604
13284
5533
18774
1632
6676
13258
6572
3698
11395
9241
15558
9860
5997
17318
1278
19527
17394
14175
3859
469
12340
14349
3601
13567
899
18252
331
6978
15481
1488
6918
13082
7353
9256
1067
510
17624
6909
16985
13945
3389
328
14876
19971
18264
953
4818
18701
19502
2663
18186
16680
5217
585
3062
309
17992
5900
15046
19355
9166
11748
12613
254
18763
232
10791
10842
13196
16763
14674
15585
6962
6716
655
1257
7322
17696
7961
19912
13641
16387
19998
17764
16800
15281
3956
14699
9585
13759
4071
9909
5044
8552
8228
18693
18817
18918
14644
1483
1842
7846
5705
14678
17673
5202
18833
7358
1136
2401
5717
13578
10186
3158
16450
8803
5242
12238
7523
15305
15263
813
16622
11974
11594
16736
11328
1996
1270
14526
9760
3503
5496
8281
5975
19722
17670
55
6519
6064
18902
4578
15504
19398
15521
9856
2692
6207
17083
15583
18472
13628
10587
6192
2791
8871
406
4839
3842
4934
17514
527
15158
9634
11349
13191
17816
9192
9996
7032
16207
4833
4383
1853
17854
16396
17939
7383
1191
18395
9564
12603
6295
8550
2028
12676
9501
14265
8152
12916
19170
19098
6132
4817
13088
16306
18909
18008
14399
7551
15641
8239
7841
10648
790
13577
10600
12709
9001
6565
17651
19393
3037
1396
12927
15951
13046
14733
5721
9831
6623
3457
14801
7859
5768
5953
16713
7026
18436
11444
10531
9381
13590
5308
14525
2216
14019
12323
9601
19418
7198
931
683
532
12888
15723
5949
11058
13227
673
13659
1810
19513
7381
5870
2728
6385
19482
17235
9213
6824
15912
11771
15547
12511
18956
9006
12579
5081
7422
2530
15360
8323
2013
18141
1519
3824
16354
6837
9742
6079
9016
15803
1721
1066
18947
14502
8595
13626
4772
6358
17315
13195
3606
7236
2825
19452
16813
16358
14785
6558
7647
15891
6353
9843
10361
6279
12550
14377
9206
11204
907
464
14956
15426
6525
8802
17099
4113
14382
90
16665
18197
6655
1865
8638
6472
3978
3294
12911
17616
3169
4676
19643
5131
9549
16860
8685
5537
8510
552
6143
7568
2506
18196
18313
19135
2037
8458
19853
15515
12788
17822
10565
6816
17298
8065
7630
865
14620
2988
1978
14299
5116
8689
6671
5095
18524
8772
9310
7251
14978
18926
19861
3065
10148
6710
13089
7193
18853
11029
13074
4858
1349
18372
2764
12306
15771
957
3991
14042
14750
11305
5988
1412
10499
14849
1052
3276
2402
9131
12723
10052
3784
4508
17709
18884
4020
12398
10104
15865
18827
15356
17969
948
19291
1205
7814
6611
12753
11189
16127
2542
3715
2116
15148
2229
7273
9694
15952
11818
2625
3799
7226
17743
7113
801
8298
19786
14445
11670
3450
10403
8733
13332
4660
7584
3932
18042
1613
11059
974
15622
6578
15292
12140
3346
7372
18306
17281
408
10080
11540
18644
15919
15675
10609
12935
233
10317
18710
13831
16944
11685
14291
3330
17242
5182
5435
6399
14358
12231
3036
4128
6664
6004
360
10763
14268
5184
7721
17606
8199
16782
5627
12949
8233
12419
8392
1285
11865
11828
10517
9063
1145
7259
3936
17438
10377
6727
14514
10201
9788
6071
17200
7263
16265
2436
2223
12111
721
11105
7225
2709
13174
16575
16069
7243
6943
1764
1335
8464
4179
6203
4073
4905
13279
15539
16941
13629
8628
16596
15121
48
11160
18529
1013
15937
4485
13222
4215
3722
17541
5684
14245
16445
438
17390
2551
5100
4261
8492
9015
12502
5309
4585
14053
4656
19561
11591
17173
10964
5636
12333
12674
5186
3422
9038
17845
14586
15330
7738
14340
10598
16609
6378
11569
3905
7191
5556
1476
8966
7603
2645
2706
19753
19706
15715
15873
11057
8860
8024
8140
8682
8343
670
1737
6881
19257
12969
5822
257
5522
8202
15789
15907
3197
499
16511
10271
11290
6529
18231
15561
13417
19387
11346
9611
16401
1599
14062
4090
6261
16289
914
8771
856
6212
8899
3040
18056
6484
5133
4357
3413
13775
13430
17344
18099
8249
1190
310
15160
4331
15538
7979
1143
16216
13690
14063
3243
6019
11223
10853
9981
1389
13285
5334
16101
4200
14786
16298
1960
13799
4188
2459
17836
1641
6054
2575
16787
8683
2861
16570
9721
17125
4524
5429
14987
3748
7771
17628
15048
13914
9820
1030
3729
16833
3581
6695
14880
7213
13001
8416
13706
11195
12243
10202
6026
19240
17115
9458
3136
2324
13683
8757
18699
17248
14368
18873
1728
18585
17164
9792
13189
4877
7271
12929
6244
1202
9971
11259
8521
3728
4290
7023
12095
18821
14639
7404
12257
9767
2516
10898
8826
2191
18812
16032
19819
8204
8865
14247
11086
11110
9376
11955
5393
12768
6274
1847
1384
16795
9394
19246
5947
9274
7254
1118
19884
19056
5580
10995
13854
3937
18621
17462
13257
9766
986
3963
10007
10230
11233
7303
4278
19785
7008
16110
14655
11871
16819
18326
7676
11327
13415
2620
13845
6941
17619
12588
7478
6370
5824
11852
7706
9596
15182
1486
16455
7438
11482
12442
12685
9057
6839
11252
13479
1530
9457
10645
3011
8117
11574
5986
6336
13849
4766
14318
18022
2997
1221
8300
9072
3816
10659
2096
10546
5670
7795
2949
3732
19164
7774
3392
4582
17474
10318
6149
19148
8271
4590
18890
5911
2161
10234
6257
9235
19040
10304
7274
14142
10567
9320
3549
14010
5950
18011
15606
15600
36
10748
16957
8240
5615
18460
19852
3110
9067
4045
14524
35
16231
6598
4053
