18426
10661
11898
19528
15391
19741
3048
6423
3910
19734
10974
15260
9621
15077
13249
5614
10537
14799
9123
10991
14874
2581
8137
8741
11516
19457
14912
13968
7902
7451
8269
1332
3637
2278
19575
12123
13758
12227
13181
516
3032
9091
9720
1724
6765
4247
8287
15353
14287
12545
14421
3538
16156
17663
18468
11434
13066
19359
16195
12908
1397
2710
14070
12188
3434
8325
4368
877
10438
17912
11922
6229
2963
19938
7511
9904
13841
19076
8513
15439
5869
6557
1388
1976
8960
18508
17459
3403
15335
7453
13978
12619
13453
13103
17135
15423
12807
3579
18161
5897
10720
5701
12079
16238
14719
8991
17444
16818
10742
2266
13274
187
10498
13915
507
9472
18697
9154
4658
2389
1428
17556
2835
18459
12563
16830
6808
14030
14693
98
8563
12990
4285
6786
4627
1618
10647
6507
7881
13826
17325
19408
19481
15790
6376
699
3949
18474
8948
891
4034
16145
4280
6760
5119
12120
7067
18297
13685
6294
11484
15887
18875
10486
16499
10806
5489
1561
3654
12928
14697
8106
686
16246
13052
115
1634
2286
19638
10593
7620
5205
8740
6684
16228
3402
5464
9121
15529
10173
17019
13010
17424
8933
1655
7658
312
6773
2636
9358
10126
1511
15107
18089
12512
1891
11657
4286
6156
12968
1400
17530
11441
18698
16443
9919
1916
12997
11319
17283
2386
831
8753
8446
3300
16004
17401
18725
19571
16683
12432
8477
12995
12017
2776
17582
6709
11088
6919
8466
5412
7338
14016
14207
6164
13580
17276
17889
14659
19577
5731
12577
14702
18038
4198
12032
2742
5026
13302
3241
9202
12625
19629
6666
15323
18778
4
15297
15996
5479
1821
17498
1879
10206
5700
9649
5454
95
18679
6912
1732
11489
3164
6617
4442
1551
19122
15876
17973
17957
18328
8811
10789
12980
12484
3029
2336
7374
1828
15018
16900
7073
15268
17186
12489
10073
11879
1691
1006
2642
4231
13940
2910
16760
4764
12353
5624
11643
6080
797
6177
11222
2771
2362
17890
6428
7913
15386
12422
5466
7408
8076
18752
7652
12578
18545
4531
6505
1462
4730
18570
4584
16503
11768
18109
2441
9620
18711
9630
12560
18497
9495
17426
848
7948
18650
376
14015
14512
6467
8704
3052
3022
10119
4197
3444
15222
12972
11906
19686
10958
18246
16108
2924
4390
13096
3299
1131
9021
462
17946
534
7169
13353
15772
14103
1324
13067
12359
162
1341
19156
11700
11966
3653
13032
19107
4652
17373
17550
610
19417
2786
16291
19594
6953
789
18001
1700
14468
5069
5260
17922
19495
18882
1244
4867
14262
1812
15229
15179
12105
11324
2703
16739
131
3019
14982
10407
16979
12225
12046
1187
10040
1932
17930
17870
520
480
19562
9920
8524
16285
2365
5981
18651
1361
19142
13452
5315
1861
16965
4916
9277
11098
14776
12003
7055
3221
3714
7615
9009
7955
3854
1765
5282
5966
13137
12815
14090
19808
3887
10688
4617
12395
17691
7206
9857
14086
436
9469
18394
10231
7435
11197
3517
18411
19718
11107
19112
6518
5361
18814
16020
19826
8261
5362
18753
1468
7664
12063
18681
8418
3289
3128
12338
14450
2196
11732
5511
1225
7030
2517
18611
2942
19192
10667
9294
5252
14995
17377
9885
3707
18994
5112
15990
4503
9728
2817
5554
1607
17253
11667
11002
3470
13115
18160
3016
17064
15779
3102
8259
13696
5555
6677
10502
14397
15208
1258
1174
18739
16731
4583
2788
19731
12062
5657
2946
7553
732
12343
11797
10702
7985
17233
11288
3795
16681
4003
261
6027
13205
17490
18603
11568
607
13905
8242
13040
2218
12161
16703
13676
12515
18422
8864
150
13977
11217
6605
9036
12627
8161
17655
10669
14137
5663
1435
6389
5979
2524
19022
17149
14057
16873
11711
17212
11718
18552
5113
11097
18600
1107
12460
12525
18519
2766
2983
19749
16505
16371
12195
3249
9763
8932
19447
4402
19715
1387
7689
1505
4213
1590
4292
8048
2677
16414
2751
8302
12461
4649
8333
9897
17207
12314
16682
13313
15196
17068
13653
15232
8663
9159
18013
19321
19339
10800
17859
18465
646
11658
1627
16878
8929
19314
2664
6102
14112
13262
18232
16444
15652
6567
3352
13320
9660
13881
87
4248
17073
12789
10544
8008
7560
17151
458
857
17407
12921
16614
11807
3663
14438
3267
1417
3134
1687
8918
9486
1535
6352
5478
7412
9179
3383
1601
14622
18765
10003
12569
8006
1134
7862
9515
13220
19445
18082
2673
3908
10087
13290
11866
15807
10488
15265
19624
11019
19256
19574
15127
9252
17920
6171
4452
2554
14033
9180
7179
17391
6633
7548
14202
14923
5247
7625
15716
3291
19665
18636
18235
13144
19974
2519
13554
12409
19453
10705
1339
18248
925
18112
9389
12426
5807
6115
17289
16407
4669
4228
17746
8430
12836
16848
11959
13896
16577
16307
4697
304
11271
5302
837
8371
11930
12965
5380
8691
18974
13607
17942
17337
3602
4789
18263
16910
13895
3845
2875
12763
13231
9989
9525
13280
10406
14960
18145
15534
16758
562
3042
1888
15840
11572
17124
8779
16803
8217
1065
19200
5132
7190
6730
1161
18030
879
4602
19847
8382
7762
459
4537
661
5084
1757
5666
4498
12804
3223
3343
5258
10570
15810
12745
18388
14117
8428
5706
3471
7564
13344
15106
19478
14663
65
2595
11553
19807
8681
7933
11025
5413
10083
3152
7119
7396
15881
8277
9953
11087
9624
18751
3073
19224
4288
4466
7588
6625
15185
13114
5692
15895
10429
3980
16394
2032
11810
9273
6360
10267
3907
11505
753
5607
13310
5216
1660
12001
17103
16889
16087
5139
306
2970
12248
17563
6409
15855
14232
9828
9083
11773
3830
7150
6627
9048
4864
8286
2871
5538
8541
2075
12811
9704
7557
7498
2467
16737
7074
10539
14085
17918
4271
1542
7164
7033
859
5608
15903
18963
16337
6628
16273
18438
14452
6520
10992
12163
1683
14231
12204
17499
4908
7308
5192
18838
76
4391
6259
14435
16482
19889
19219
18857
8946
19917
12705
8263
14633
4762
19216
12322
1073
3775
5050
6226
10935
15394
12190
4388
10194
5674
15730
6718
18767
18470
4332
6106
3050
11270
6421
2885
4377
6901
6237
15701
5551
11894
16485
18484
1957
10529
9995
2725
12818
12805
4496
17752
18283
17365
19689
11628
2769
10030
17306
6129
4308
1712
2974
18887
13652
12557
846
206
3455
17496
14747
14927
471
18458
11798
16434
4765
6486
160
14609
13963
5891
15505
16018
11597
17830
8340
9498
9636
8958
12252
9222
4873
12018
7836
2031
14792
14386
15427
765
8726
6646
15499
1068
10416
6691
2126
12261
3634
4302
10858
9577
17978
9575
12667
4415
359
5227
8138
4174
7864
4506
11885
3877
9705
16676
5894
7580
9141
1472
11139
19007
2544
6640
16624
8083
8116
726
3047
18435
17656
10182
2332
2486
2073
6147
7576
16745
12713
15821
286
15776
1648
16719
3256
5719
16529
14726
19125
17868
1952
18346
17821
3950
15469
15444
3628
8453
8372
13407
15483
17292
12706
13597
16531
15370
9258
9535
19390
17963
4980
19441
12069
19003
5715
7578
13901
9712
19174
17302
4471
2219
17423
1827
8032
18867
3395
17477
3235
10102
16837
8952
9659
17181
8109
616
19432
14809
3101
4499
10465
17055
18690
3210
14677
10453
3674
18630
7783
18680
13487
11936
3066
2276
6800
13068
18334
9049
9810
3091
216
10441
19340
8807
4036
3342
17002
3085
16198
11230
18772
5730
14680
13387
6011
18760
6806
8911
9395
681
19604
12697
8693
8388
3077
3279
14251
10693
4640
13583
8750
15012
19083
19461
18262
14203
3078
2746
11962
18512
18713
5319
17572
13065
8756
1446
17810
13570
3565
17494
15144
14751
10332
15
19978
19791
15757
7217
11225
6638
14657
3591
11227
2490
7517
6846
4937
3063
546
7800
12335
7367
11329
5823
9347
5167
15085
1919
9903
2802
13109
12887
1954
61
6323
11426
8181
932
7061
15465
6328
5179
4272
18511
12712
4580
11500
11613
8818
13557
14821
16660
1141
16161
2188
18193
14749
5448
1302
19893
3379
1596
3429
3309
11820
5796
2046
14068
15437
3736
4063
19596
15409
16320
14999
10165
1230
5331
15410
4119
2912
12770
2862
15233
7782
14052
2767
3401
14097
17730
14604
13002
12636
15120
5772
1518
15852
16992
19157
9716
1148
16657
16257
4158
1254
7962
12015
17222
13373
16613
6172
7748
19243
8707
2679
14885
8406
11969
7455
6573
10353
16327
976
545
15842
7447
961
3043
8781
8897
9406
16537
16981
8980
1343
12725
3734
4487
5402
11834
3984
16521
14443
10371
8205
5189
1723
19743
8815
14853
18921
13116
14076
7078
16612
548
9024
9321
19924
9592
12504
19047
15482
1619
6603
2940
6870
12941
17817
11808
343
13955
14601
1624
7115
4328
4289
4547
3250
7697
12378
17887
1048
1434
1993
3529
9863
16388
3266
5808
5265
1265
5438
2381
12760
3088
17805
11405
16366
8404
14423
19681
19913
18757
16670
12417
9790
9405
14520
7201
8877
16297
811
8201
7244
6183
17258
16617
7265
10250
3486
14458
9416
4614
10398
14153
17104
3656
7880
1223
16312
6401
13582
550
13171
17260
7860
15543
2920
10994
373
16104
17252
16050
10277
19748
14690
133
15061
15751
3430
10440
14660
1441
1192
8655
307
8520
883
4304
14656
10494
2288
11112
17855
3994
4210
7477
5752
18483
8215
643
18174
4078
1679
18477
7129
9702
4952
16997
6980
1158
11512
296
5833
15717
14298
5346
9707
6736
17999
4925
5686
4015
19684
18607
1045
8746
19871
18029
4217
15412
2971
1222
7797
14473
9685
12237
2890
16033
4994
2449
3709
1626
15981
5316
19992
10501
16395
7605
7020
13091
18933
4315
1471
1240
18538
16173
4838
9163
11766
8154
2822
15590
12382
13859
17044
3018
14013
4706
2373
8487
3283
1771
19742
19251
6348
12014
2682
14131
4544
17873
17636
14279
16096
3874
17531
11175
18834
3739
15644
3327
15309
5471
2938
14466
9198
11562
3448
3619
6366
12735
3411
18421
6256
5495
4997
9780
13893
11660
18901
14485
17842
3119
3115
4459
14979
9045
4957
9058
19070
12035
5320
7340
5889
19578
9532
9939
4441
11743
7375
16469
16705
12529
2531
3770
5939
19190
9385
18127
4022
16026
17883
10053
24
16384
14113
7377
16346
6356
10101
17503
19928
6100
18776
18122
2487
236
6224
17329
18180
1587
15040
688
2371
18606
17179
12940
7809
386
8585
16213
13997
17376
3410
11493
11049
15687
13932
10455
14886
3819
6916
17000
19782
7730
4671
6796
2854
8851
2420
19372
8268
19023
219
7097
11513
5029
18415
8073
10588
228
2684
13371
4127
2284
14183
9850
11387
5369
6433
16471
784
8365
12641
4861
19403
6451
11676
12582
4982
13028
793
114
1321
1829
18342
9890
2491
11413
17722
15130
10479
13346
2392
9117
11630
2231
5234
5521
13354
10057
10813
11567
9500
17766
13840
8374
19870
6247
1234
3005
19324
13491
4847
10413
16247
10496
2349
3017
18414
105
10526
16674
7928
11045
1326
12806
4606
16111
8975
15784
1593
13947
5238
2884
15203
4728
8955
10871
13837
8107
2368
10140
17188
3245
7101
540
3776
12221
12136
17796
18888
2602
10020
2108
18498
9211
18816
11659
1857
1929
8890
10865
1815
2784
19262
12145
13698
125
19754
5733
6979
1759
17600
16162
6246
15145
5487
8236
13158
12297
269
70
17311
19500
6552
11462
7832
8941
18032
6374
16814
14430
12656
12559
15563
19598
9134
11816
15310
6345
19940
11406
7360
11459
2431
10605
7432
16526
1005
10612
15280
12149
16544
6315
10330
7185
11920
3669
8709
5318
17629
19511
13608
12009
1876
2470
15071
1351
6942
6874
2941
103
18224
13465
8576
2375
19701
443
12176
2134
16832
12808
19941
3514
10885
5736
6306
16687
1950
2099
16055
19899
11127
13907
12534
12790
242
12133
1269
7043
10849
16993
15728
9238
16451
7317
400
14936
6706
4931
4062
8486
11960
13789
7009
14930
11525
447
4287
5660
2248
6305
6090
1816
4721
946
13808
3218
15279
2821
3615
8394
5314
4267
17446
17453
2293
17061
18065
6548
7104
1043
14226
12776
17558
5323
841
4467
13714
10837
1121
15926
7202
1864
10528
3264
14593
4641
13644
5563
8012
15683
3083
460
14248
14658
16954
15661
10814
8040
17046
15972
13693
19671
15577
13432
13238
11825
19895
4451
3302
14963
1
2589
1422
6707
16899
1509
9735
8752
13755
17170
279
639
10999
5931
9567
13573
1379
4717
16267
388
17758
7672
9071
13753
5390
12739
2501
9905
15165
9178
17070
12810
2584
11248
5814
10059
3767
7368
3236
8482
14548
12707
4191
16397
875
17968
17954
8212
15411
4921
18879
5191
8830
12750
12449
10649
12948
19640
19553
9214
10274
958
6826
3766
11802
15983
5741
1466
9511
18295
10504
7914
19641
17404
19006
10977
8905
16991
745
10822
18315
3935
8071
3315
9516
5687
17165
5032
4510
908
16806
14685
14504
13471
18279
12576
202
14281
8449
9644
16562
17755
5958
13538
18349
163
12264
3096
2893
11506
8275
14355
18222
16339
563
15324
18360
9156
8925
17602
13223
3501
18467
5619
4686
7922
19834
14546
5196
11291
6787
2388
10005
10787
18499
19855
3382
8051
16427
2067
15401
2287
13680
7132
2273
2541
18667
19829
587
14244
10638
256
19918
19550
15004
9701
11104
10510
5386
14784
522
6251
5355
6013
12036
1350
9674
10239
18771
6974
3122
5778
795
1674
13879
16784
15230
5427
7297
13560
17114
19603
4557
18226
15550
14900
11211
2596
16301
7722
1497
4799
13521
19328
15242
19570
19572
14945
7889
16441
4991
17305
16568
14721
4446
15874
19709
13661
11943
1685
10437
13738
15447
9748
12653
11973
9546
2393
2756
5509
11647
3639
8515
13717
7807
18738
2474
12474
14091
17090
984
16493
18527
17679
12999
7415
4085
19936
12857
11298
11774
468
18805
15993
14952
2836
2848
10515
15286
14148
6993
11177
13038
1532
14916
10393
19131
3499
1658
13104
11457
5996
7861
12708
6130
4409
2962
9833
1938
8969
9090
17026
14928
9335
12645
13532
3679
14028
3476
11988
17456
9039
15570
13778
9119
10671
9854
3567
7702
15767
9137
4809
3946
19960
1111
9229
7816
15073
2927
2351
12064
426
11092
18504
14107
769
6859
11450
1448
17309
18640
17107
5695
142
12274
14704
11756
15166
2951
10563
16422
7208
16560
15115
6161
19071
7479
13006
6579
19962
2357
5644
10285
13270
10884
6110
3953
13261
11615
3194
8814
12583
12900
18942
16749
9318
11749
1282
8130
15331
19793
4943
13245
12630
14126
1589
18225
8808
5042
12427
13563
16336
14858
41
8721
8596
12570
19790
18608
2104
14273
12514
1376
11258
3696
4344
16205
5905
18777
19078
4125
9254
1671
15646
19690
1990
10872
4884
807
14270
10508
18955
4626
11709
574
7068
13638
8578
12718
15798
6382
13043
13938
15372
8068
6165
851
3060
11824
15635
11147
6452
3769
14259
11402
11425
19178
14277
17585
6561
14990
14375
4992
17829
2007
11091
141
15013
2347
14155
9243
5321
16011
11985
16540
19367
16227
1015
10817
16103
7532
9060
18229
7006
17632
8974
16963
6650
1791
351
17983
13179
5148
12405
19745
11813
15072
4804
5601
16453
2335
4536
3744
17267
10388
12945
13926
18712
8549
16245
11627
2695
418
16425
15402
8017
15742
19923
6308
18355
4539
7695
5576
18848
15927
7266
7545
9990
17729
7739
5765
5056
17660
15659
12328
5267
3191
6300
7844
4607
11103
2488
11919
13505
10477
78
6069
9494
591
10025
1942
10553
15328
12236
6551
9220
19567
12960
176
676
7439
10127
5161
1251
9084
6392
15429
10673
3823
8074
17042
19101
17784
18961
3556
8840
6070
7533
2859
8055
729
8675
7812
6702
5128
11084
10041
1672
1915
4276
869
9556
18614
6104
18622
16171
4899
13704
4760
1797
15949
11316
15289
14974
7519
15579
16120
16635
17900
16390
12097
1772
6445
17504
13187
10097
16804
19059
10712
682
3506
4323
15184
565
17197
15344
16506
8845
4208
4796
10637
19316
9718
6299
14800
15845
8026
16467
453
15432
4239
9422
3391
14651
10615
358
11264
2307
15108
14341
240
17354
7819
4947
4362
13943
17864
826
18429
16406
2364
11538
15141
17801
4105
18449
1868
7772
19346
7974
6878
15277
10034
18159
18968
6766
8906
10450
2869
12593
13913
11755
5873
1215
11788
7750
2594
14335
11971
17686
10722
5562
10847
5075
8577
14223
10803
6425
13891
2546
2429
18700
7863
1722
19587
13230
11724
9527
2632
16168
12648
5678
324
16885
17
11536
8831
2616
6781
15067
15665
15352
7337
15982
10774
18108
2505
10125
19141
13603
398
13069
11545
19010
4723
2376
16646
7945
16318
9725
8631
12700
7930
11453
13649
16068
12772
19726
19752
5241
1789
8973
7131
1588
3930
18106
15168
4637
15791
7923
9247
6581
9298
6530
5219
17682
16446
16947
2778
13858
19737
12893
8579
2155
10723
16572
843
4675
4780
11120
6609
8050
8698
273
10103
4050
8998
9524
3657
14951
16798
19284
15136
12803
2453
3127
4346
16616
13870
19139
14362
9771
14901
4408
3163
6720
7391
5842
8676
14403
3217
2745
1678
13654
2250
3284
10367
4353
13448
5754
19
9300
6629
13403
17266
14813
3804
18061
13768
5583
6072
5493
10931
13404
19674
15151
860
8317
17360
5784
14616
9750
18653
4176
127
4144
13339
1848
7363
2641
15205
886
4141
535
9778
1777
14647
5729
14907
13156
6895
11847
5676
7270
9474
4771
225
4774
816
15403
3689
13212
4746
15942
12115
14689
3612
17827
15284
9150
1115
1963
7821
14839
17837
12814
19678
19451
14400
1458
18173
2018
11792
9128
16884
9011
15642
1432
4687
2426
6021
15102
18410
13493
14887
18537
9490
14695
1989
12907
2294
1652
4918
733
12661
2240
17434
16530
751
19483
13204
928
15820
15367
11682
12368
19608
19344
11583
18166
1411
3112
9505
3477
14929
2497
17219
5290
9711
10281
11122
14181
6344
16142
8940
7777
1802
4768
2567
15618
9129
19130
11901
15276
14824
1694
2180
3675
4252
7848
18469
1574
15091
3618
13984
12303
8342
11169
13624
6320
13939
17888
2839
251
5697
5588
12354
11559
6769
14961
7908
5578
722
5581
17835
15300
18722
12273
5810
10781
11352
11719
18367
19543
1533
6948
5224
6602
19217
9571
9467
13241
14104
15788
827
12082
14850
9401
2992
2844
3216
1164
16880
2534
13616
16062
9838
11226
2574
15434
5903
2723
3697
2439
5587
2433
15933
13027
19080
18904
15038
11750
16857
10536
10459
12837
15050
5987
11129
12083
8319
10150
124
6932
573
16949
8898
9374
13461
416
1603
17254
4710
1188
9684
4414
3340
3708
475
16592
6700
10586
16608
3511
9026
18170
15699
10152
14549
1854
5014
14729
13369
1198
1106
201
8805
13154
723
12245
5138
9952
6562
4371
13266
2800
10676
5503
17893
8021
401
15291
2643
19155
14758
1263
15744
5006
1031
10335
2445
16664
7238
19271
5237
5566
14797
14667
7715
7686
6364
13625
13665
3746
18787
6586
547
15862
9706
17428
14783
19091
18914
3927
5297
15712
17547
9317
13929
2269
16129
1280
7614
5639
17875
3731
16474
17908
18716
13093
7133
3992
6937
3440
716
11870
18792
8623
15056
12793
15936
9976
10340
15931
4049
19946
11864
14615
15918
19038
6414
19002
6905
11701
11714
16925
16338
15301
19057
481
2525
1022
3203
3205
14002
9927
12894
1617
12659
7885
11575
337
498
8954
18804
15275
6442
3023
19027
11589
15726
9173
17684
3793
17328
6141
182
4226
3548
3515
2934
12128
3710
13815
107
9114
17205
5375
18453
9481
5028
4850
13007
3825
4009
18536
10893
10489
13350
16574
3319
7937
15913
14246
13237
5046
4251
17180
13880
15063
3472
9079
9629
10955
13077
9148
19760
18858
8679
4754
2144
10982
3213
9918
19029
12213
19150
17584
3443
19473
3126
15058
6540
17717
432
11530
2405
12229
3667
12986
2300
17725
17933
10621
5888
5421
8403
1987
2674
6422
6036
15320
18363
1287
13740
14530
7870
8668
4930
14360
15648
9305
15155
14899
19873
8456
1798
16330
19977
1552
13786
678
12465
16094
13819
16021
2847
10983
8435
8183
17155
3149
2062
16872
12042
3563
13746
12966
17270
838
7216
17995
15261
10220
8917
10084
12509
6840
1733
8485
14100
19563
19784
691
1099
16661
4983
12483
4807
17484
7370
11348
16408
1025
10883
3974
19541
7237
16250
15133
10345
7736
16045
13138
19547
16472
5785
15864
6504
8143
15306
13936
19612
12505
97
4522
12151
17860
19325
14243
1734
5685
16436
10116
2053
14105
6253
15162
14635
18750
19591
16109
16212
3320
5030
12637
18041
17739
10852
8303
9492
630
16375
277
16386
6960
16333
3806
9793
4630
166
8505
13730
1303
5009
16725
1194
18714
17089
8036
6811
970
347
14741
19167
11745
14089
1867
7761
18242
17818
2012
16556
92
191
12913
16846
17003
8322
18809
16201
14037
19205
9276
11380
18381
371
1576
16861
7486
16929
11134
3900
5176
2295
5648
3161
18557
17951
3329
13773
8395
624
17853
967
8718
2177
12433
632
1633
15117
2629
415
10696
12362
16951
6776
1122
12230
3869
6407
7124
3002
18239
18839
4946
6792
19911
17217
650
12931
1149
13233
13705
5420
13247
4713
2254
19364
533
4668
14059
16999
3456
13023
3550
9809
19930
17595
10730
18493
8316
9209
13868
6201
7219
7583
12606
16078
11080
7674
4757
7400
18663
12387
543
19416
14366
10511
7411
9112
19721
19953
370
9938
10631
9875
2831
8914
8589
16458
12649
6498
13542
4232
15278
14342
25
4823
6458
7675
2209
4674
12341
7044
7466
7095
17518
14578
4440
11381
10355
2205
6746
3785
1362
12865
17824
16193
4406
16025
18088
17402
12584
11036
4126
18207
12668
4449
3539
8540
16256
17833
19825
7091
4273
14828
14760
18058
11014
2565
10719
14115
6075
10475
17190
9051
7155
4685
17141
15588
3693
3821
13979
6332
12959
19315
9352
1994
19350
11611
16552
19969
12326
7655
4596
4889
13388
13425
7192
1703
9425
18835
4759
10675
14221
8535
11552
14476
566
6925
17551
812
11639
17733
6619
14348
9428
3703
153
17439
8175
17159
19109
7575
12647
18598
4733
20004
1927
6230
16980
6754
7015
504
15765
19700
8728
6213
8094
9353
17313
15960
13443
18101
19086
19813
2179
16319
6584
1681
18203
14739
5918
5460
13591
11011
6351
14351
17878
4737
11174
8086
7529
175
4803
15150
1731
9408
4826
16893
1083
13699
12263
18684
14240
13523
16060
4663
3282
8090
15667
11374
13455
10589
3307
18187
6635
10066
3004
16324
16734
11006
6335
2933
9052
2290
1450
19458
2500
1717
11475
7301
3998
7598
11432
4699
13193
3405
11460
1499
16194
16278
9330
12724
9260
16279
7321
14022
11596
11817
4343
10141
12169
9253
19242
19765
18301
19008
9697
14415
15512
15033
16070
8610
508
18064
5571
17145
2372
17277
15835
11585
1159
12084
8346
10937
7813
16817
16569
5709
5455
4146
2448
19013
4269
5142
10861
17117
502
4879
11454
18593
7130
3145
1449
15088
7854
2406
12050
9512
11805
11893
12562
4087
4778
14896
8014
15032
19090
3598
19199
8798
14036
15565
15523
18856
3894
2657
16409
4324
19310
786
1296
5317
3622
5325
2669
16398
11448
3864
18948
11403
7463
18254
3277
19546
4726
7060
19919
8901
13610
15378
10021
17791
8347
17198
16843
2647
13071
19677
3891
9431
853
583
17681
19569
14985
12692
16976
5665
4424
18626
5379
14050
15999
5875
14977
10188
4667
16516
13180
17876
3557
19588
179
3219
7744
492
1856
2259
12365
15591
11645
10727
2194
16282
2454
4968
3668
4738
11537
17568
7513
8341
12775
654
10439
455
16244
13186
12147
5292
2206
10843
17520
2456
14327
64
6228
1940
9176
15777
15034
17234
14641
4112
11790
94
15848
18665
19755
13283
19025
7007
18153
2658
16711
4370
4410
14290
10772
4274
11164
9196
15080
10819
19558
11833
13234
12838
16653
2566
11466
20003
18454
13401
14713
11306
3109
14150
9817
3540
15735
14038
3388
12896
147
14096
3621
402
5475
8251
14256
12660
1933
2789
15025
6555
12148
6311
10204
1088
12901
840
1999
3882
13747
17618
19060
3373
11359
11315
9499
3638
8349
16095
8432
832
1744
9597
12226
633
14848
5853
15986
7147
152
18542
9017
18177
14666
9531
9819
17332
14238
14367
6292
19119
6559
19357
6371
139
14543
19554
17140
14957
10068
5226
1320
4429
6832
10445
19396
6649
11588
6009
5363
11617
12071
8930
1939
11241
11367
19286
15231
14725
2606
9520
4450
4805
15123
11948
7319
5957
12666
10246
7635
1443
9764
5349
906
7079
12851
16151
19934
11478
9210
8517
1277
8031
4484
13047
5198
19584
5577
1308
17996
11398
17410
3876
15732
2256
8642
16971
392
10943
2550
14024
542
13390
2056
2944
1823
1501
1715
12634
8415
19769
3603
7840
2782
5764
5725
9359
16258
6325
14769
14775
1832
17657
7388
4160
586
12835
8853
15191
13321
7084
11221
6620
11033
17131
16043
5474
5919
2908
10990
101
15161
15178
6287
1930
7289
6585
10869
3752
8571
13098
17272
10337
14867
5253
17142
4906
8285
5558
17724
11229
3860
14212
12337
18906
9521
921
8165
13356
13172
14854
5645
11495
16640
5758
9756
10143
8673
14011
7818
10487
14802
6821
11415
5529
10289
1510
5568
901
16940
5048
8738
2714
8570
16518
6194
8369
18620
19066
9739
9872
16905
12516
16942
7732
15270
1581
2646
15718
9355
12855
10916
14947
19856
14682
3594
11393
11368
5384
9332
7284
10107
9386
7670
6340
11132
8618
6591
3528
18214
8241
1531
13620
3125
15739
136
17605
19508
6511
12329
7171
11520
6326
18841
8775
14709
9882
4140
19385
5800
10421
7725
541
10292
4312
12284
16551
13246
16828
11607
5611
1371
13211
5220
5178
2430
7076
3701
13268
19599
16816
172
14138
5886
3053
1895
13326
15096
14864
17754
12090
9174
13584
11470
15582
3509
7167
5963
17862
16996
4959
14337
16579
12060
7660
16115
19815
18018
4229
15170
15066
15639
16840
8801
7799
15556
16029
11100
14516
18228
7641
15721
18382
15902
5453
5574
12480
12958
1209
898
7530
9115
15962
14662
11941
15488
13621
11260
3687
15792
19890
3285
10535
16723
14338
2818
1776
4657
2888
19204
4462
14381
9149
4530
14023
7048
9654
8892
16067
13998
19691
4345
8702
990
12689
19850
8565
7229
19031
13569
8299
6394
164
8151
18551
16877
13732
6047
2495
16811
10522
17225
10176
13392
8859
13910
19999
9309
1346
3183
11934
4404
12491
12175
13864
19210
325
18832
12535
15254
8248
18103
12673
7888
2579
17790
6107
19622
3850
15236
3700
8690
11717
5514
10530
19189
3162
6851
7227
11854
17192
7746
18025
4998
2794
6587
12765
13079
3318
18820
11877
8961
8328
18881
15782
15569
9808
18359
10882
12817
8297
6601
9944
3868
4770
3141
16433
15551
18604
13537
19382
9880
17542
15415
7983
14727
5640
13472
4478
10524
14215
11090
5118
169
16553
611
1767
4149
15708
14260
11294
80
9962
15857
3934
1708
3153
12401
3295
130
13250
18094
14361
15714
7998
4747
7472
13596
12833
16400
11846
17977
14046
8064
8920
1760
19449
2326
5268
7943
3558
17792
10681
10078
13802
10788
744
1863
6321
2995
11722
15578
13123
18390
12007
16206
2085
5461
11012
3505
2195
16187
16209
7540
12047
12797
17937
10347
10131
13981
19476
13944
17347
16229
14143
5909
6410
5851
15719
6050
8893
14
13646
15308
1546
7585
12878
7951
15451
9262
5018
488
14553
9102
10848
13386
6065
6377
12170
11263
11007
12099
5430
2718
8674
15195
19299
18728
13636
11956
9361
5828
9561
13678
12615
8364
2215
14296
5910
15057
1309
8770
18031
14405
4516
7573
19272
5497
5033
14047
11032
2959
16735
738
5204
17031
3914
8214
8434
14897
4056
5977
11869
19652
11861
13635
9187
6784
3962
14531
16117
19409
4591
14073
7804
1169
14688
18133
13460
7366
579
9945
8735
16309
10625
5115
701
18985
927
6028
9555
11702
5135
8528
140
12496
15264
12038
86
10456
5688
13444
9900
14746
9683
11424
16890
11332
7173
5190
10768
17417
12400
7662
7188
11945
7921
13971
13502
18257
11651
7830
9812
850
7822
7433
8400
15535
3012
523
17320
8305
1536
9365
18399
7072
19089
9269
876
5465
12321
8833
12844
146
8519
18314
16452
8045
18150
12976
18045
7793
6324
17772
2334
11789
18162
17169
8968
10619
7222
780
9281
3015
11564
3272
4258
8670
14619
16119
7056
51
11592
9147
8125
3518
3496
13634
2656
16809
2030
8873
968
4734
16740
11257
19392
15198
19035
16100
8936
16139
19954
8022
12159
11640
8041
16351
11679
8193
85
15761
5946
17077
17063
10094
19820
8355
10572
10319
17961
8027
13892
2306
2891
3393
10902
13110
5272
8156
13423
5098
3605
7401
19049
19904
13720
2770
14294
9188
3259
8265
32
11844
5683
2843
13805
208
19625
13600
12475
18928
5417
17938
1375
4887
1763
260
2186
18320
3431
5925
11539
916
12139
9734
3915
3494
4373
18052
11093
14556
13550
4509
17507
17777
3670
1429
15376
1102
13184
19714
9883
12885
10740
19380
9172
2006
2264
15368
15837
18274
6791
11782
4194
1965
10663
18102
17310
9669
8909
17278
18135
6678
19589
2145
9785
3360
15746
6206
3010
19907
15209
4494
6900
15743
19532
17841
5090
19775
19173
4013
15599
2808
5064
9615
11445
2520
4080
8054
4249
7717
14225
895
15253
15737
6285
5763
659
5801
6062
258
10100
13982
1824
2741
5223
7497
19245
3332
17363
9153
3737
13887
19431
11322
9437
3475
19270
15204
9987
18069
1345
19492
13807
7512
4828
5037
17442
1825
12394
2681
1846
17010
11407
16862
13756
15393
14766
2153
9455
1959
11499
818
9852
2840
19079
16501
16335
13855
2014
7628
14289
13989
3462
14045
2384
6415
8427
19705
13436
5127
12096
1327
8887
11843
434
2329
6867
19501
4628
11350
6367
10133
1012
1982
5703
18894
6291
12737
12207
9419
12608
15940
1766
218
7967
15673
9866
7910
14759
11584
16498
16966
4054
2483
13498
9388
7418
3662
6526
18929
13127
14687
9488
15847
18566
7742
10830
11895
12153
10980
18397
8716
3296
12104
15598
5419
10790
8612
7379
9566
1236
5023
12864
8433
4284
10016
12998
7894
9879
5122
16182
19285
19830
5059
18234
12259
14308
5173
10196
3079
11533
12348
14763
10157
1573
9529
315
2130
9093
15695
5367
9867
16248
16329
19915
17050
7065
7380
13707
485
15596
19985
15978
252
4397
13743
6762
19279
17304
5535
12131
4398
1151
9244
16599
6575
15825
128
13201
7417
11423
19420
4422
7963
19322
1597
8711
16132
12467
7932
18977
12759
5541
17958
12315
16512
4039
13004
4096
18602
6077
11954
9663
15520
20
11590
4095
8147
1206
5012
6973
11439
18194
10656
8621
17086
2418
1770
4561
18148
4135
8070
11757
1813
672
16028
16534
10002
4902
15794
10497
16480
18587
15001
12694
7767
2345
5713
19967
18766
2025
1814
9215
10591
13337
18309
17846
12691
8538
19710
8461
16619
12366
11262
13535
19651
1571
5845
8311
5473
2731
10878
4577
8737
1657
4631
15217
503
19074
8829
10875
17620
16061
353
2568
7879
16654
9714
19063
16334
9647
14793
10835
1875
15626
12742
687
8834
19849
6527
13543
10520
13933
10153
3447
6767
10918
11775
11664
1028
15245
12185
8063
9423
5117
15197
15169
4152
1805
8719
14493
7314
18151
5634
19231
18635
13934
14584
14871
16630
12996
7077
16488
13173
2241
19670
5053
9382
11532
13871
17571
19228
6764
17249
6465
11942
3464
16048
5908
16143
663
5188
19597
13374
9450
17599
16875
1492
2966
13844
12397
14894
9043
17493
9545
2400
10534
14898
12954
10295
16459
14511
9935
16960
16615
15346
4124
2465
15796
12825
9613
5391
2527
12595
9887
19108
4185
15866
14329
9680
60
2932
11145
17369
9560
15114
12651
18768
1479
18989
9126
413
220
13126
4750
7161
17640
8192
16403
5871
10090
13020
14065
8866
4553
966
9424
18980
12076
5696
10540
1755
439
18286
17896
2820
15527
16449
9557
12191
16626
5144
7494
13873
17355
3813
11154
3924
12715
6513
14457
8564
11190
5849
7789
407
18616
4004
14067
3006
7938
17081
7250
739
288
12710
14205
9752
18568
4016
16874
9864
9954
10155
14857
17121
7022
2644
11005
12486
10423
16909
4044
2772
11577
4245
1093
11983
12831
12446
12215
4683
14692
10513
3822
9522
17672
18092
339
16180
17994
8023
3835
15395
18471
8052
19644
12731
5712
13226
13377
8075
19268
9340
9837
4763
15189
17020
17573
1456
9631
8720
13686
5809
19306
10592
18486
14808
9325
18005
1566
4444
15853
5207
19265
4849
6044
16956
4019
15764
4477
4700
8439
4950
8035
14444
2872
8567
18575
11944
4572
6522
7965
7634
6872
3278
15302
3768
4609
482
11167
2271
66
4567
6178
16241
6588
9699
1383
15135
6387
638
15098
5086
12410
2615
11747
19697
4753
6698
6999
862
427
775
16405
134
16302
13135
3270
16284
13048
2128
16764
6074
938
9916
979
14636
1477
5585
5856
13761
18872
11602
8301
2775
2829
13669
3497
16203
9364
6405
4175
14706
4792
18735
2132
1762
6675
8005
7685
11822
5519
11073
11040
18418
13418
1556
10698
6915
16859
2277
7122
17108
8762
2882
9185
8276
2521
2207
9339
7607
17884
2415
17714
8993
4532
12552
10401
8114
5104
15968
5447
9578
5073
5858
14314
17464
1337
17561
19606
6210
14698
5794
13631
5656
6608
13673
14479
243
7667
9822
3573
19184
6169
5221
11124
323
4321
19282
11598
17335
17789
14182
17120
1049
12271
7361
1520
13214
7430
4603
14541
8191
11451
8587
9991
16776
19133
1778
17353
13049
2217
4051
4574
2079
8056
13271
7449
14970
19037
15671
19400
13367
17676
16347
4810
13166
18554
15468
5980
336
1983
13684
3226
14189
10006
17366
13865
19048
16464
2777
8253
9342
2377
3723
15636
9257
923
16071
4262
19858
6501
17230
1420
6828
4598
2239
5788
19593
11417
8959
10596
2717
8575
14851
13782
12228
13107
7616
15311
2617
11369
5952
1252
17152
2333
12982
10130
192
10672
572
4037
12031
526
2133
713
892
18272
3753
12316
9818
16
15593
14902
9097
14374
18562
14213
16952
11595
2982
8455
3087
12416
5890
17749
3532
10329
9143
19414
13752
10689
4433
6239
5470
9899
17215
19780
7394
9928
13713
13948
6887
14491
12590
9251
8169
11903
6181
949
8896
10197
14157
18721
6341
17671
18338
3883
13558
14934
2026
6885
5449
6043
2952
6515
16785
1884
17261
17844
13800
8927
4874
18798
820
9022
14124
8168
4143
8776
1918
17257
12300
606
4880
6275
15984
3120
17948
9092
13061
1297
864
5347
1368
10136
1693
7810
17478
19811
8722
10469
9801
10738
16854
2719
3613
10252
13576
3260
3154
7258
10397
5817
5482
6689
4554
18864
14788
14846
7159
884
10771
17647
14816
6061
19145
11587
10706
9821
19939
12556
5123
8424
3473
6820
12904
15841
13495
5183
7909
11897
19085
17962
3355
7090
16080
2856
19719
8963
7286
18670
8633
6296
226
8841
19061
11430
7116
11063
15015
14004
3246
16986
649
8700
17069
6875
16722
11382
8437
11836
964
18271
8039
12037
2485
17146
18259
2088
1001
17351
13923
12938
5078
7640
6395
11452
20009
2129
871
10881
2990
18057
13715
10972
10965
1217
11232
17512
9587
5512
4093
8122
13397
992
13016
4164
5437
18075
19713
19801
9030
19496
18199
15602
4888
10324
9007
11320
19129
12977
10162
6134
10961
14160
10075
15159
14384
17196
9886
17621
171
6958
3148
2302
18385
11472
10048
329
12616
13867
15623
4814
4501
1612
209
13482
6096
14333
12841
18659
7209
6000
4138
17803
9784
3174
1951
12344
8861
13533
3810
3535
9225
9130
4714
15748
8444
6097
13528
16780
15621
7069
15147
10283
15406
18083
10161
17947
11186
19459
5335
17662
6849
16667
4659
12249
5185
17458
18348
9368
17244
2097
3211
5502
8502
14606
8135
68
15961
3682
10641
3717
6825
15011
10180
12683
13402
19712
367
6680
262
19929
7850
11464
4203
7829
6863
8188
3578
6242
7612
5868
998
3833
19160
18625
7356
17666
14055
9127
12
10169
10963
5708
18097
594
16767
1055
117
10746
2139
7768
8373
15888
12383
12609
5312
8146
18479
5523
18444
9746
6549
10545
19961
16128
18427
9553
13133
6830
14149
9069
14573
13846
13080
17511
4896
12075
13885
3466
2087
11207
12596
17611
13568
1577
17915
2651
7272
13207
1253
4235
16030
67
18040
12478
18488
14454
9972
764
18387
16792
6697
9065
17348
4756
12254
1494
1736
5293
7618
10804
19676
2064
8928
2378
12463
6450
7622
11508
7857
17797
11601
12898
18489
3193
12693
15645
13796
15317
14728
14926
6365
7482
8429
6155
338
15187
11519
3095
16519
13866
6847
17537
2002
5088
9306
19194
4960
5760
1922
4974
18633
12098
2354
16603
7405
2493
9029
14331
16655
14602
15095
4392
1840
3292
19859
16541
11302
15010
1300
2489
15449
6068
16820
14875
4002
4417
1415
1305
1193
7952
8594
118
6618
14437
7146
2726
4527
2736
2913
14794
9237
10372
16714
7752
2975
16815
18645
15706
5358
20008
8835
17886
10253
13228
4329
11283
6990
14391
18365
8606
2312
16352
3310
19326
2588
11616
3380
10251
14564
6369
10490
10913
2855
2027
11435
6516
2757
3359
11037
5418
6890
2902
8881
9496
11561
15905
12377
13674
11101
2834
2320
1212
6852
3888
7
9493
11176
2919
8231
15457
13549
12277
4207
17488
5727
14528
9594
18216
8234
16483
2585
12194
2864
12580
11242
6882
4841
2828
2016
13269
1307
14199
1985
1124
12044
17455
2176
14965
13348
13322
18730
867
12269
2504
16775
11671
7966
14216
18303
4942
5780
5079
14748
18198
12679
14350
15396
17161
4358
873
7853
7716
4031
13125
11566
6757
4064
7838
18986
6260
16149
1549
5373
19081
4148
7292
617
15022
9590
7141
1621
8476
7527
16082
17255
11638
2846
9687
18442
1811
17577
5598
268
689
14198
2730
8358
17508
11061
7514
12540
1926
14077
9295
14823
5913
3607
17780
19984
11570
8616
17897
6597
2804
19863
19302
9534
16181
6613
10311
16073
11442
13941
9951
9194
18736
10079
4587
15491
9103
2001
1079
366
12568
1931
44
13986
8522
19280
10327
1521
5720
18588
18206
3852
7759
8491
170
6288
15490
6556
15832
9859
16906
14585
5034
18660
18455
14093
10779
9349
15846
18212
4945
17139
14715
4389
17441
14940
6940
18996
15030
13619
3502
6270
1882
17299
4835
2327
12863
8838
19707
13272
11172
13518
3394
470
8654
2340
11135
13954
10008
5985
15325
11883
7727
7011
7656
4611
3925
6665
5085
15920
829
19317
19004
14915
5943
10326
4529
14206
4843
14954
12918
19363
4079
18080
4024
6647
4201
18236
17102
17466
6208
3904
14180
13050
5862
15382
14825
17224
265
2184
2190
17226
6202
4173
3961
16697
11410
3275
18275
7088
5679
9421
16189
10825
5880
7295
5899
4832
10237
16219
987
18300
15908
11108
1029
1799
14953
9259
16799
9231
13744
3839
7306
13470
10149
4129
4698
13128
3570
7440
14003
9433
4581
5049
9379
5007
5409
13086
12174
14209
7820
18240
8393
2267
11162
4040
7991
15418
10733
16668
13700
18130
3725
19628
7918
10521
3527
4131
5544
16034
997
9104
1564
684
16222
13547
1289
13784
19823
9894
19556
17096
1745
5350
7063
2793
17437
5239
4576
2343
5832
13976
5992
10770
10038
1023
4316
11614
12187
18139
595
10944
9873
20011
6191
2043
4047
15065
8514
11017
12934
8442
5008
1036
10405
6199
7182
9652
13019
8736
19948
3906
13513
17783
518
1009
14417
12256
11123
1053
16362
14973
9219
2672
4038
7546
15510
16365
6125
10794
5847
390
12334
18002
1787
16849
9272
12379
19247
12124
19474
17569
3427
6954
17650
19521
2443
18121
7059
2083
1004
19117
2022
18754
1087
4493
19898
7993
116
724
6449
18503
239
3608
11970
15313
8895
19404
19650
12255
4513
4742
17778
9921
9586
3997
6159
15696
15624
14642
14790
8648
13727
13524
10914
5498
9208
1035
13571
1416
13785
12347
4361
1340
4967
7866
17122
9088
13202
14312
14743
15357
7395
13818
11235
5103
4234
19444
6745
9839
6774
17693
15697
17510
3419
394
7462
3374
15350
15883
7831
16177
19573
18571
19783
10159
7681
1783
8264
3049
14893
6574
16372
18744
1007
3964
19442
1271
8044
15651
355
9841
14220
10315
11392
1358
12358
10392
18596
8042
15338
7253
322
12028
13508
3414
19218
18634
7315
15140
9417
13589
18288
10874
14352
8902
8967
11497
16924
12008
17317
10838
10797
16075
12372
1705
11184
2667
18074
13980
6534
10820
6500
4070
18729
18646
4043
5083
15100
2613
15828
14770
4418
12494
5377
11018
2999
5732
9745
3143
1753
31
18144
635
9666
7105
4618
2511
4026
8353
9608
13593
12730
8258
10921
7606
1168
17154
7749
17997
12295
12212
4876
19358
16359
17445
10044
14396
3189
13286
5928
13161
2841
6322
1538
10415
2561
4693
422
4035
5327
9950
10555
14925
13529
17653
8484
12376
8037
10626
1163
9370
18535
84
4507
3738
2021
8496
17012
9420
19956
2124
5441
2029
943
14398
6732
14611
11995
1682
19531
8209
14276
15564
19183
19776
11344
1970
10506
19854
3616
19649
9612
16155
6168
13531
19342
6038
15555
2870
18995
3730
15471
17054
12635
11339
2178
11140
13794
2492
7591
5021
14000
12987
16604
17594
16931
5628
5515
4869
12222
15369
16623
16360
1507
16652
14109
7570
725
7426
2954
16002
18878
9307
7907
15470
9397
19300
13025
15132
15361
6380
9095
11166
11255
9452
17828
5096
7995
12021
9999
2502
10889
7897
2540
11247
19535
6724
17340
14845
8710
4103
4116
7310
18631
10579
16559
5527
14303
5547
2720
10603
2984
16598
8447
1372
18375
15799
12554
19472
17726
15702
2061
13022
3491
7925
8003
5261
10374
7473
17834
3386
15416
16090
17470
783
16919
17132
17375
15484
9324
14634
12437
19292
2017
5994
8149
9861
1947
19347
10189
7364
13883
19289
10260
7175
4159
2305
4543
7710
17710
11884
15979
7311
7723
18880
19062
7071
15074
5203
17486
2318
11109
15562
14761
15017
5431
12294
5874
14204
2806
5057
4568
9627
7828
755
13793
15008
7330
3881
17308
17036
4359
5668
19957
8652
5637
6936
18984
6186
9326
9165
6101
14806
13494
11811
193
5423
15566
4364
17011
4716
4461
9415
11485
14669
6252
18322
15218
10121
7487
19477
14094
19054
13316
8626
11862
855
8978
5307
9110
13458
5040
14110
12106
15589
6550
18748
2476
18922
4666
14239
13503
13208
7623
11488
204
17557
19818
12536
1060
284
1774
15299
16211
7378
14888
4521
14463
4540
16871
17314
9977
4372
2081
17685
15899
16753
7711
18419
17119
5775
19330
5491
2225
19290
17982
17111
106
18237
2722
13148
16732
6517
10447
11171
19761
11067
17781
7186
12296
5567
19389
17218
17109
1742
17472
7694
10291
10434
2748
3306
18140
12749
6904
10716
10357
2704
5932
17941
2515
9073
18176
4569
12819
7770
11095
19635
10077
17787
13389
348
887
17814
12118
18758
15809
1831
19430
12260
13708
8386
3604
3308
5955
13378
2917
5076
14363
11180
8213
18549
596
13273
8345
9811
5941
19682
14903
9559
15827
10590
10192
5
4374
15574
6099
13655
7639
18589
1667
9698
19419
9240
9207
13030
7218
3254
12200
12016
6833
4171
6568
8971
497
17677
18843
4844
4897
12950
2076
18661
15679
5097
12746
4977
6048
19789
129
8401
10812
19320
17093
16300
6310
16035
11555
19201
1250
18009
17316
1654
14994
7221
6354
12903
17178
17564
158
10732
7713
14249
50
14171
17463
936
11137
7733
10147
4904
15911
10717
8785
4642
8171
283
7798
7320
9028
17543
10225
14009
4460
16915
19552
6241
16777
13836
9066
3504
14872
12135
4949
5877
399
1218
13702
19862
7745
2915
1354
17172
954
4610
15474
1058
3735
3031
4367
17674
15332
9263
8338
8096
18605
10408
15713
14841
1403
10726
6067
14834
3364
3848
11626
8981
4871
12905
4878
9840
7302
1937
8984
16825
5425
12531
8450
10998
1237
16385
11900
4988
5381
9645
4821
5141
9892
9753
779
6580
3114
10199
11528
10346
11076
1914
15255
19269
6403
19439
11494
14128
5002
8247
9061
4225
13119
8622
9974
4629
18666
11799
3336
1275
3354
13672
12141
13627
2183
6245
12781
6307
16545
18344
14939
11992
6223
11437
11951
17702
592
5590
8827
2989
2930
975
8020
3796
6744
18072
7878
10019
13152
4342
19195
10419
18006
5187
6055
1178
19704
3958
82
15442
18840
7705
12150
7550
15886
5433
9234
3555
10114
8669
6420
8544
15146
16724
12816
13592
7561
1413
11468
7741
19894
18260
14959
15448
3750
19484
12193
7341
1544
15419
9171
446
14194
43
18044
2182
14295
15186
11544
17296
15321
889
12351
17736
62
8566
19560
2659
11510
7325
14878
6788
1325
12799
12594
143
2457
19717
14217
318
13623
15530
474
15629
14509
9626
5606
18432
2412
5813
17091
16046
2341
5961
6815
8000
29
16243
5969
2151
4018
15595
2512
14632
3007
18485
3640
8376
8641
16927
244
17885
9709
8133
6350
14513
5039
15062
10542
14675
6823
9579
653
18383
8363
17856
2187
6927
4895
11361
1893
19766
15421
17720
14041
5840
16350
17637
6078
2146
15660
7143
149
17246
9975
1605
17025
13042
18806
17040
3747
11713
17419
12217
7233
5550
7537
3273
9366
7699
19669
2969
15541
19781
4099
16402
10195
14581
8791
18565
17815
6497
10954
17480
6265
19844
3244
8982
3124
6524
15503
13335
15045
13155
3206
2450
19238
18164
15592
10028
4673
15384
2507
4151
6845
2785
1666
12974
16136
15099
9961
5231
10936
19132
2899
12488
11411
18060
4662
7608
18518
14494
11729
13073
16953
9637
1074
7781
4405
10960
13862
3321
1606
9538
13312
5488
13132
10280
19983
12412
7559
11447
2803
10896
17613
1489
6475
7957
13170
10840
4961
6476
4092
8279
18783
6790
4520
12826
1407
15688
571
14413
3945
7120
14118
16801
16492
15552
8729
3955
2413
6453
11251
3271
10687
4965
8723
9146
19533
8842
2928
9671
19537
19882
11318
8759
5343
4783
9573
18533
8198
14597
11008
6398
15904
2253
19580
14119
15939
15970
19695
3771
17877
13141
3562
4831
3913
14603
12513
10181
12822
16114
8992
2611
10224
6984
12702
2169
10839
4705
10302
8548
3815
8431
5365
7300
7474
7137
15889
4912
12132
17372
2779
4437
5863
6052
6347
6926
13219
5618
10049
15153
15655
11504
10067
11612
1506
1620
6679
4654
17610
4354
2011
17158
4341
2827
621
16532
5690
9855
12029
19662
14332
1162
18755
14832
11138
14114
8878
13379
13766
1508
18280
973
11351
5480
12610
10213
383
476
16823
8763
12897
7398
19842
19088
231
15781
11673
63
13772
19301
15924
15347
19188
7743
19055
17307
4684
5773
19438
16585
16793
17014
8743
5068
2906
16099
3988
667
19703
8625
17980
18035
10142
3027
1615
15188
8488
19463
11603
9640
8598
13026
11705
5197
7323
7349
9692
18548
3204
2916
19623
9814
11576
19381
19486
14497
16773
5825
7692
940
4000
3780
7376
3647
12309
15872
11208
19147
2929
1555
18610
15727
5646
929
18093
6379
3743
14088
6673
2689
500
19692
11239
3633
17566
13739
17397
11827
16547
6162
15957
644
19297
9044
16761
12072
10747
8061
16220
5359
18912
597
5508
3177
18886
9914
1146
221
13918
100
9815
12112
7276
4703
6373
1353
15086
9686
13566
10385
5972
1485
12523
6319
3513
7138
12218
11481
15884
1369
3116
15514
19480
15553
15738
9835
13791
6897
16718
12924
16323
12211
2434
109
16294
8396
8597
16821
3944
3046
7211
1943
13961
8542
18648
19158
7971
17286
15705
19988
19505
13018
10554
5749
18096
16019
235
12444
2120
12327
16748
17483
13060
19534
18628
6759
4592
13408
9978
4970
16510
12699
13760
6543
4732
11763
11912
16602
11427
10761
10802
2048
1224
16831
6589
11202
12116
1625
5281
9170
8246
7707
19307
10925
2094
11307
10091
6855
8527
9568
4155
12302
7500
7565
5035
45
11696
19064
2337
13994
19073
466
2688
7328
3090
18734
16834
3483
17285
5751
15700
10269
1836
528
8164
2331
2110
12703
8985
1781
5902
19103
16008
6634
17143
6400
4325
4894
10711
11831
1322
8160
16879
4240
14344
11486
4533
1516
5940
8942
11203
8200
15817
15572
10338
1872
4632
2143
19163
12301
17392
1977
14812
5013
16549
6411
19972
6538
12280
3150
6456
4692
15417
6278
17952
2750
16489
14372
5936
17475
6170
2162
13252
7387
7399
5783
18810
12290
8292
12650
8590
13540
15238
15235
13164
1299
12800
14058
18329
10022
513
19443
11077
10037
11803
10996
11688
14855
10608
13409
15741
15528
2685
12932
15385
18731
580
17138
49
7296
18703
1662
6368
10366
7003
19000
9010
12530
3782
10215
11331
19126
11677
13562
912
13490
758
15773
18594
13437
2435
479
18026
18957
7920
5477
5916
13795
9915
13235
8727
7811
18506
2600
19997
16904
517
18836
4827
2687
1644
13051
14359
19423
9442
8011
5041
8869
3899
19264
1436
5978
18462
3794
10516
13822
8846
1886
9672
19283
6045
108
1704
1184
2892
52
11249
6121
2496
2019
12160
3232
17457
9755
18801
15601
5472
17110
7177
3014
10089
11882
17863
14992
18243
18456
9868
14877
19140
1869
11935
12537
3755
9283
10906
16081
983
6723
2063
18163
9164
8409
7808
3255
2201
11474
13876
19168
1304
281
1026
8837
8469
17601
13072
4865
1197
12100
17433
2203
15458
11703
18705
8237
17057
4595
9436
10334
2192
6232
12912
4268
1014
810
6136
17201
2472
6463
19171
1301
16525
18111
14190
10752
10449
13724
7459
3138
11333
14272
1404
7393
8780
198
18916
4060
5279
17038
12428
9155
4798
12926
15016
11
5769
12267
2676
14127
10303
668
9888
11823
4999
7611
1935
15662
13218
13820
2310
8695
1807
8868
8509
7731
1286
12210
4246
17949
7906
2137
13142
16066
19720
17865
16987
110
4182
17874
4190
11289
1833
10113
3339
3072
16088
1002
15216
18023
12628
11649
13178
19663
19738
9367
16435
3553
730
11389
6264
11490
14866
8828
4549
7351
11471
9371
9033
19583
2252
12930
7054
12640
14918
9673
10668
19377
4439
13814
15210
7942
18452
5821
4075
19805
6593
8256
9000
6234
1761
11388
17965
15768
14906
1680
3658
19361
2113
13919
10409
6804
8965
18169
17972
4573
17436
3435
13328
12899
15519
8836
14447
19014
19616
12196
18450
7028
2328
2119
13459
19030
8194
19708
6763
13687
6063
8939
10247
19685
9798
1247
7419
7136
8945
2607
4788
5047
4211
19982
19471
9966
16178
10690
12077
12389
18683
2166
10320
17597
11267
6892
11875
8148
4963
8334
19990
16225
3742
14968
2780
11194
16939
10912
19831
10485
7645
16649
10249
2973
6928
15373
197
449
9984
11455
18672
18962
10229
6752
7475
17274
491
5737
6018
5434
11715
18826
15433
19897
16970
909
6447
13396
3691
6133
10627
11276
15172
6595
10888
18553
9286
15290
4214
2925
11325
11458
2937
14510
14558
18417
13411
6342
680
1138
6119
18609
2586
703
13239
13574
2473
9942
3105
9724
10808
6674
6313
18190
16517
16418
10452
16932
2446
12186
11857
12681
7709
7592
16695
6492
13852
16715
13953
613
19436
9776
11994
5652
13130
14459
9588
11981
6227
13937
8497
13113
18440
1955
6879
4266
9204
7454
10270
15223
3371
15164
2896
12632
16842
4469
13917
19491
13765
669
2866
4413
14487
3168
679
1469
9138
2010
13324
8266
2701
2301
9454
16594
10632
11023
11375
207
5993
15676
3263
3460
7682
6167
12332
6173
19576
6696
11343
13203
17106
12030
15959
11148
423
9446
6493
1628
17384
9934
12684
9056
7720
5728
9800
14810
4476
6521
16361
1568
10354
14817
696
11446
6218
8495
2228
3666
13345
10382
15808
18981
17607
4187
6111
3067
15154
11546
14614
7149
1245
9489
8782
3741
1602
7362
17147
19485
12764
799
809
15113
19106
6123
3814
2068
2711
4848
1928
5278
8680
17513
5025
8178
3178
11330
1063
2813
4488
4565
395
16058
10854
15213
4512
15880
7174
3929
3003
17554
3554
14356
10064
8186
14178
2059
16528
2931
10036
9380
8539
18110
14707
6606
3677
2198
11965
9160
15139
15859
18556
7835
16647
14484
1480
13734
3428
11770
16326
3765
18496
15851
15511
5876
12638
8291
1292
8561
12629
8533
10216
19886
19675
15576
874
2626
11958
1585
3975
17575
10562
3288
3981
10833
7125
18993
15753
19866
10219
1150
16923
16290
14470
12206
19016
10471
4172
11740
6569
6327
17813
19104
2105
10769
1901
8672
11853
11571
16928
8523
11378
14730
15295
4898
9895
4255
16856
18500
10634
1129
18573
450
13244
5641
15522
12992
15315
17385
9047
7089
5168
17925
3274
33
4709
4940
11541
16607
8167
8697
18434
12600
10164
1233
12485
16010
17913
17259
9392
1503
19383
11094
18674
15459
3681
4619
9200
10420
4355
1133
17432
7123
13357
5060
5579
19437
4058
3356
19115
16199
12761
3156
5681
13483
7427
16341
6966
1050
10054
13985
13842
12022
3820
7887
3508
18051
13774
17338
6089
3620
1070
1323
6471
2422
9618
19655
11886
15374
6681
71
12293
12785
16491
213
15489
4653
6185
9435
10473
11050
11655
910
9806
15685
1883
19395
5649
7784
14859
14645
6856
16475
18480
14125
3642
16286
1453
4481
159
5545
18020
13679
1642
212
13121
18555
10276
18443
18958
2639
7108
4655
4505
11142
17879
18800
14347
8819
17381
3247
8554
15965
17408
9344
7666
5459
13253
2060
1478
18844
5111
14101
19750
12993
17264
16065
8058
19905
2883
2901
11801
472
14134
3584
1423
14462
7280
4137
4570
17017
2666
13643
3132
8765
3977
11753
8614
7779
17341
14538
19373
15663
5777
5803
3587
5750
3762
13534
4416
1367
5540
13014
773
10823
6972
1663
5416
11279
6088
743
10390
16169
3926
15812
9907
15298
19448
1175
6375
10257
19213
6243
10923
8879
11244
7624
17745
19413
16009
3531
223
11400
12524
3028
12214
14005
19309
17587
11604
934
18937
3463
7673
3314
5243
3133
5991
14031
12051
16252
3305
942
10630
19237
17396
8990
19215
7903
3103
12850
11480
12283
17406
19522
2801
2005
11487
4083
13966
15060
1220
17553
3290
19892
15630
12455
13809
8170
5864
18147
12270
18618
7305
1548
19241
2705
13112
19542
18747
18905
11069
7582
18201
3571
6708
19756
5759
7436
11039
18299
17615
9912
12740
7148
15477
1342
4971
403
2724
5291
17723
14705
12471
6361
15849
519
12698
4265
10428
14241
15461
18149
8390
14390
3713
7791
9107
6961
15816
9282
13368
5895
13083
8788
5691
1550
2181
15438
14539
4157
18085
570
19405
13754
6947
2587
7205
8350
2648
11605
457
305
11937
3629
16645
13691
11618
2282
12915
18733
11653
9940
8665
6963
11111
11689
5330
14582
9246
8880
10351
14852
3688
1971
15664
11761
9463
8451
8414
19867
10308
13243
14829
14638
13199
4625
12970
9791
18428
16855
6803
14781
16514
13737
567
6056
19673
13656
842
18119
10356
18137
16791
2093
9973
14234
17971
988
6005
6956
14554
12539
13084
1062
4195
7900
9846
3541
19009
3417
6029
4541
7013
11469
3424
7679
14621
10611
4755
2482
3069
3098
1473
14557
509
14328
19335
16988
5774
7671
8613
11156
800
5027
16423
12794
7507
4559
6384
17452
6225
4352
5726
15318
3188
15288
19182
12719
3190
13857
10846
4846
9032
13120
2303
375
11845
10198
6921
1157
7756
2309
16581
3740
3181
18249
19523
11739
2374
15234
647
16911
13544
13338
15287
13017
7220
19778
19273
12828
2416
19949
16013
4486
13703
14919
17237
16766
9118
3399
15818
2280
7503
4380
10919
12923
11020
16253
19266
15733
10997
8174
14533
17330
8381
18250
16421
18815
13213
14572
12492
15707
10264
17460
1616
13311
17795
9641
7597
11964
14605
11767
6016
5967
16200
12757
320
16242
18677
2403
10154
1647
3222
47
6911
9491
8308
18780
14319
14661
11021
3335
8473
1132
16838
3758
19034
13034
19881
4310
4546
3281
8568
14967
3080
8088
5249
6600
17560
3969
8351
20010
14833
6735
6594
17399
12599
4236
18330
9648
14566
2158
7406
17371
985
2249
7121
15422
5976
16344
12052
8203
5990
4903
7299
14271
1259
155
2275
3166
11917
6843
4836
13630
19318
14402
3552
11479
17136
6271
14316
1896
12682
3847
486
19758
8910
10573
5999
19475
5394
6636
18409
5893
4025
4620
10929
19015
363
5337
6490
10682
14700
3836
10703
8478
18324
17804
9476
7895
6659
2399
4802
10166
13129
15303
18364
3118
12364
554
1176
16897
12130
10777
17291
13416
3676
11511
15445
18577
5052
1650
10979
3492
16186
2411
1242
19465
6087
6343
17562
14772
5964
8134
1243
4132
6869
2091
6030
11529
16490
7661
2261
12618
13336
18323
13779
10480
15932
15407
120
13440
14569
14200
17153
14029
13821
5329
9901
3878
17976
16137
13375
6876
9816
10743
14626
3425
11924
10293
11921
981
18999
6092
8077
1860
4435
13081
2175
12824
1082
19846
7775
1231
8399
10767
16786
13817
13361
5218
3987
5635
708
6502
16989
2880
12867
11182
19428
4548
18466
17773
9373
4101
11542
10191
17576
16631
9316
13450
9902
13160
17202
15500
13572
10298
13751
3903
14652
9948
3074
2428
16523
6747
14177
9519
12558
15112
2601
8850
13769
9871
17487
10193
18054
5389
17194
11905
13225
19660
18992
7525
17740
15976
410
16276
2390
11345
3895
17163
11419
18019
16755
18652
3474
11234
8921
13835
1438
16851
4029
14129
5230
10384
6262
9162
19121
9922
13254
17361
5432
4545
2270
7636
200
15977
18441
19426
11205
16663
6648
16345
14034
13097
7988
880
18837
2023
8962
1524
15594
6118
10443
6022
10035
604
3817
4419
3231
16972
18941
19914
16293
2054
7693
16935
9696
13922
6692
13660
6408
15215
1470
12391
15068
10134
10643
15354
17128
4291
14164
2886
1061
18617
3489
8747
19510
1039
18891
8195
13012
11219
12268
4091
18737
3303
148
752
2529
14712
1659
18946
12716
645
11362
5816
5617
12456
1570
18039
16907
17367
4136
10938
11337
2923
17768
1572
10940
9606
17631
1900
19524
17388
12048
7650
6930
2106
13733
12549
10314
18612
19632
18632
19422
14519
18277
217
791
5861
11125
16770
2478
18325
12527
18308
5658
9874
12168
3911
16589
10911
12458
144
6582
8787
16768
1125
11663
19903
6268
17596
10099
1402
17168
14562
4421
437
2532
17592
16130
5753
11238
18333
18979
3458
13264
4014
4177
15559
6085
18146
10776
11085
8900
9965
12657
5001
18124
6440
8127
10055
19236
8907
2702
9080
15446
7773
7336
17300
5004
13899
17072
3056
9960
15612
1855
15404
4425
3685
19872
6312
7245
8795
177
5411
2382
17944
8079
9805
1038
16913
5311
3635
7501
7456
10050
15980
15896
12189
9503
1750
3566
7344
14310
9398
7890
14986
5483
7166
2797
1284
13192
11738
16157
18842
9346
2763
5351
19415
1899
10458
3901
5091
18218
10503
11874
7996
12766
14255
3262
1948
8903
9124
8420
9136
14218
15199
17228
5110
16476
16567
12081
15064
1104
3884
19028
17414
19254
10633
6329
4242
15200
16912
18903
156
4727
2765
6728
9949
12543
10966
3488
945
1686
8283
10798
14441
19944
19440
11281
4224
18048
8525
4551
748
12920
12167
12493
2905
9983
17130
8809
14035
8274
19374
4156
4993
14547
950
13439
19065
12602
2015
7080
18070
1024
9242
1256
3544
11560
13925
7214
18241
18825
7842
13519
2948
4892
14865
9082
2633
14195
11899
3583
11183
15496
1037
12758
9677
9599
13834
13162
13146
2049
4599
6269
10418
4882
16292
12533
6157
19263
5458
18398
8624
5929
2845
1177
7653
17422
10753
2773
8460
11896
19595
10360
18327
14163
10549
19989
4065
10248
12801
2055
19165
10275
16321
4822
490
10904
2610
19259
4010
10086
19993
16017
9782
4052
9267
1557
9074
4915
11256
6924
18321
16052
19225
1260
7423
19814
2569
12386
13640
19795
12034
13594
8995
19468
11308
13613
8139
13059
17232
7443
7316
11907
3438
15802
9539
3645
18944
17703
19082
9946
9197
13801
2352
8949
12121
5835
10886
203
18357
866
13585
5520
13101
16882
442
1378
1071
6923
2285
5140
10973
13289
14542
12367
717
13183
9836
16824
6734
12220
5404
5210
15358
2996
6651
897
3099
9980
10262
16176
16377
3361
6797
11386
19454
11989
18266
3590
11064
7999
1870
4701
9451
2082
11535
15575
18492
6795
4670
16658
9633
12517
9414
18871
6989
18723
16898
4264
7764
18050
3220
12849
18358
18579
16064
11278
7874
1380
6113
15947
17711
1216
7000
7470
16678
9700
6729
8360
1195
12345
19679
15892
4270
1979
8059
16163
603
3084
13185
1089
3545
18461
18439
5382
1153
14292
17440
11301
16863
13750
9574
1255
18405
6494
18043
4793
4114
10599
1804
15241
10209
7183
2956
15909
5209
8724
18316
7334
18688
13362
5532
7352
674
10359
5672
4006
4767
2299
7017
4636
7884
18830
10171
13663
1203
14650
5915
6883
12202
4749
465
11661
4333
14684
19460
6049
12547
8441
8166
12183
11975
18572
17185
6152
15443
1779
15804
6967
7805
5516
17747
7242
6359
13297
19926
13394
12000
15479
7288
9513
1849
15922
13391
16943
12798
6184
18079
5271
5228
1365
17018
17074
11022
4635
15340
250
18402
16588
13056
9689
3293
2598
7429
1837
215
8368
4163
3989
7110
7958
6662
12319
7596
557
14787
11726
5603
16316
11377
2243
11170
10670
4987
17526
15388
3791
7178
9348
6631
10873
18925
614
1707
12443
3252
13445
11268
2346
10509
10058
2895
1094
19767
7327
19429
1381
6873
11416
8145
5286
17343
5108
14081
15379
10899
15844
9050
7646
356
15342
12292
9979
18343
10920
18883
19187
7531
18866
14122
18219
2283
9144
3313
5827
6758
3363
8481
19180
16867
13287
8018
14334
11009
11083
11707
18482
10394
2936
4935
1981
9657
16487
2066
8457
16699
18522
17861
7855
8069
18406
19051
7542
2344
13111
16548
259
12476
1019
1578
536
14723
12158
10158
904
5036
1653
1395
2147
539
3104
6282
12435
5452
3660
18356
19097
10745
12330
11372
19011
11635
10924
1522
13946
12119
2960
15666
13005
16381
16934
2809
5604
741
7912
3659
2008
1333
352
8489
2115
8389
19880
3644
15122
16266
11987
18726
18692
16041
6076
2680
14717
14696
9639
6682
18251
4474
12663
12388
4204
1214
253
13711
1559
13588
16881
224
1347
10744
12631
17927
2696
8849
18561
7556
17479
8916
11269
3986
4434
4318
14196
2451
14014
10795
14837
14909
14911
17203
17166
4168
1491
5998
5597
13992
13828
1924
22
10993
2442
8293
15745
14617
19557
3756
9729
12208
13406
15698
5145
8352
11979
16738
9661
17303
15649
2904
766
9037
13499
10431
9236
13861
4815
2874
14451
5288
4773
4253
2315
2553
7111
6653
10071
4282
14795
16428
9135
6086
7010
7594
15110
391
13515
8223
608
16629
8938
18128
12701
13729
10380
7348
2363
11141
16044
4824
1785
17150
13363
4401
5771
17583
2826
7037
14773
17603
16796
12310
8875
9046
1170
13434
7947
5560
19036
477
12875
577
16998
17763
734
17785
19095
3230
14997
1011
19391
199
18706
9167
15502
10065
15921
3237
3376
5714
3786
19933
13615
361
18597
11752
18668
7916
19653
12423
10001
19920
8238
805
2968
11826
15392
8630
18940
5415
333
12988
7036
19637
12882
17906
14201
7128
14365
14123
13617
17694
5757
19331
15824
4330
13263
13609
6536
3242
14583
16938
2100
319
1444
7631
14464
2396
19261
16184
8309
4800
17001
18215
5399
17535
6301
8935
6997
18247
10665
8956
9189
7757
18016
5802
7066
18457
5105
3680
15838
13070
15495
9449
1000
8493
12073
15780
14501
14233
11710
1961
15843
18448
6814
19186
16305
10926
18664
7346
9658
996
1579
1290
8686
11000
9113
642
16357
8688
5383
7287
8749
13464
19102
3582
13300
12914
6864
4169
12633
10046
8243
16978
3239
18351
1474
17979
10004
7726
14768
15868
9140
19921
6782
15584
10731
18523
17492
5270
3761
9334
9387
17084
10294
18615
16829
10651
14840
14446
16272
10962
7843
14284
9409
16908
19602
19198
1517
7329
6976
3349
7489
3026
8530
13308
7704
1936
17265
10313
5944
15948
13427
19733
8131
10870
214
5927
3705
6533
19252
3209
11716
2102
2732
1629
9955
7239
7264
2604
12538
9314
3574
3599
4219
9783
18340
12508
9749
12481
14257
19763
2251
8320
7064
12868
5136
19772
11304
12311
7959
3094
13511
13108
15044
8185
2547
16353
15548
5790
12786
17187
3121
23
9292
17039
330
11772
9884
16264
6017
5682
10396
9662
2425
15508
13832
12520
11891
4856
17060
2308
10766
3837
11401
18143
13803
11136
2404
5839
15634
30
18975
920
9789
7735
11656
4694
2395
16639
3375
5410
15473
13062
1046
16051
17869
15435
1394
7495
15736
2210
16296
11467
15047
8744
17209
8684
1925
9055
14819
19530
19128
11622
5357
7204
7019
178
12522
1600
17059
10525
18339
19620
229
7126
7189
18189
1838
11163
6523
5559
17262
4275
2528
19642
5892
18420
8315
2103
13548
12847
16221
245
3652
16656
9288
4394
18392
10111
3409
15269
1186
10336
7590
7290
15518
15285
19214
13015
2125
19809
3407
834
19942
700
2887
2322
9308
2627
11902
9737
19900
154
2939
8556
14008
15472
14499
16237
5326
15259
819
924
8588
6482
15366
3990
13556
14419
1880
17175
8667
17528
3792
6535
10807
6770
222
2860
6719
2220
6802
3585
16752
3873
14346
1211
14159
3704
15711
4651
7663
17848
12154
2590
19824
19033
5328
9710
6545
4066
2867
14440
10211
7437
18769
13767
18125
9426
9998
18678
11213
6968
11815
7332
11394
15678
5300
12184
15620
18047
6669
1545
19566
3350
12654
18371
4360
18899
4111
4608
2152
15405
7291
6195
1160
17079
4711
17100
15860
18033
13514
15089
14099
612
18377
8516
13510
6117
15682
5407
13833
9132
11035
18592
12113
13492
10652
6944
17364
1445
4339
11317
16628
8573
2000
16079
16917
7758
8359
13622
3446
19267
12024
12752
1784
11769
1126
6002
1793
6626
15617
16984
3487
2047
6733
19185
12620
19138
8224
6404
8356
4984
4695
15425
750
10642
3412
9480
17497
8627
8694
1897
768
16659
13476
8924
17213
19688
6217
16255
2118
17807
18000
14544
18291
18310
10809
10552
13325
14098
17782
12107
1995
756
11126
18823
3861
7858
15227
7869
1966
463
4677
7158
4682
8712
18171
18036
9372
12892
17555
6805
6318
1185
6010
14740
3827
18564
8972
1401
8555
9354
15944
13442
17013
893
16416
18658
6109
3947
15224
9427
10014
11908
18897
5376
5011
5016
1569
4854
12981
9230
2160
11303
3061
17331
6290
12956
19137
18868
19233
1729
10519
10628
10758
2092
15954
13036
16866
7343
4761
18746
16901
16370
18715
15029
18718
17809
15758
16597
17075
13921
7016
12164
19723
7868
2545
15544
4412
12906
5930
11275
5494
9005
17024
11463
19305
11916
6712
8804
13054
7313
3664
15351
3968
17667
18071
15973
8708
14550
17280
8976
14049
15036
10757
15249
13451
9583
18416
5299
4305
4222
651
4221
8799
19888
5257
3008
13467
15754
8425
14061
18808
1328
17295
6986
5786
18282
5354
18686
11514
19964
14575
13757
8634
5322
19838
18569
3979
17076
660
14001
8987
431
511
210
6205
6175
17692
13970
3423
16288
18637
18495
8768
16415
18741
2387
6756
564
11483
5664
7082
11501
601
694
6777
112
10909
19351
2815
13962
10284
15413
814
13370
6570
15830
4604
1636
5263
14305
18337
12013
1201
10713
8180
3490
4150
12840
14580
1105
10891
9322
13153
16057
14805
2034
2469
1213
7719
17608
5374
7365
17008
13488
11581
4643
18531
10404
10207
15938
13276
4719
17468
3807
16224
9731
17591
685
14161
17993
13033
14431
17033
2678
10427
1792
11947
12542
16167
18077
2298
3866
4863
3940
14958
8999
18578
17779
18446
4074
18971
3805
433
15134
19906
13762
8049
7677
14412
17094
10344
9186
5917
5573
2444
10027
995
6541
16399
18129
9679
303
8950
5854
5077
12756
6233
1730
9719
8603
18293
17919
6281
8661
16133
1359
19379
15173
12173
2159
14914
17799
3546
677
18784
19845
19951
10785
7543
8100
10856
7083
3199
3524
13748
14830
13429
17386
1859
132
3960
5277
181
15985
12339
10841
9053
6263
14838
14567
11354
13564
7538
1452
16508
8783
13169
16217
7509
14820
525
16975
1027
1072
14835
4855
2761
13579
17719
19113
9232
18761
8002
5653
6660
1702
5134
11929
9676
7434
7687
12567
2697
18114
5451
697
6566
715
10582
2107
11503
19406
10984
2979
12652
6935
16478
618
234
8843
16152
3298
8060
10432
7112
14066
3719
7350
9570
15829
173
13797
19110
5850
16121
12452
8470
5456
19683
9094
6383
710
2571
2774
1714
1735
15650
10115
13420
17950
13897
15997
3631
2140
16495
12670
5398
17148
15915
4579
10258
18396
17085
4514
3749
5995
19332
2653
19799
11188
10265
5951
16726
18447
17641
19343
2230
14237
6216
7241
15375
6645
16270
15049
3695
18876
637
13385
3665
8329
19730
16632
17898
4161
5557
8586
13200
7892
11976
7261
14121
2040
4748
18526
14565
8402
13229
10650
5592
8500
11872
13497
18790
10816
19611
17756
9145
6058
12247
1852
10975
1196
10880
14594
902
19802
10297
18230
6913
506
11096
7052
10942
5743
13811
15119
7577
6644
9614
11841
5680
12373
8091
12142
4690
8321
4680
16637
690
3716
14496
15994
10799
17638
10721
3484
13507
5469
14343
3039
3530
9261
5552
9054
19497
3370
17324
941
3324
16769
19234
3694
15400
989
4840
1809
2738
5174
8847
2661
18860
14587
196
12182
15677
13334
3649
11621
7973
19540
16373
17593
18745
4376
19017
7057
8821
9413
8126
300
2101
15787
14414
14032
11759
16733
7524
740
9265
4650
7464
12575
5898
81
18118
9271
14408
7944
10666
5633
7151
16887
7041
14989
5694
6693
16092
11681
8602
14683
1116
8529
6436
1331
3240
11669
629
16595
2707
6277
4431
3918
14158
991
14895
10092
18849
19220
2755
2953
10640
4534
882
11549
11030
13372
7326
589
493
1464
16260
167
8734
10462
14904
11456
1424
4538
17705
757
16920
18939
1103
6949
12672
12611
8703
9293
10061
18742
14304
787
13856
11215
13381
13670
11396
17101
16807
14905
15452
10491
6357
6865
7549
11918
1946
13058
9740
19319
18361
12809
16690
7390
17450
8997
11236
13343
12704
12240
17359
7601
12769
291
17243
11557
12429
18012
9101
16074
19455
19096
2721
15142
17495
2650
17346
369
9275
3212
7230
17229
9959
11786
10751
16883
6355
8019
17741
16578
19435
18004
10175
14648
19582
11521
19544
10749
14021
3070
7970
13632
19828
13352
720
16314
17333
18087
2733
4192
2072
2281
6893
12109
3311
19176
3551
14910
8084
7566
11646
6576
5102
8872
6426
3400
6564
14545
754
6991
10082
11636
10765
16743
3921
4661
14282
13545
12418
5336
3597
12671
5834
8410
3754
13928
9667
5787
1594
16076
14613
11565
13650
13830
4816
9807
10402
10876
12232
12989
6182
11250
2637
11335
14844
6977
4932
15028
18781
419
13902
4955
5414
14364
13681
9969
3624
13145
12732
3186
10533
11720
9070
17644
10981
4712
278
7410
12094
405
26
9391
7649
2234
5130
8230
10266
17004
14744
12201
14264
13804
19434
18294
19212
18476
16481
299
8773
692
14253
1064
4519
4241
14330
8103
5194
9635
9357
9772
17984
14285
18708
3849
19613
11727
4473
3959
13888
7267
9726
1582
421
17204
11116
15125
16440
15035
13265
17923
1140
1475
9930
18368
4718
3317
14322
8754
11038
5625
19617
15428
16527
13478
5883
10033
14072
6599
5396
10908
6672
16376
11780
18991
18743
11078
10411
10273
12957
5422
5632
9250
8919
9004
10915
16835
3712
16063
9582
13874
3185
1054
14471
965
693
6146
1586
10263
17988
2437
14791
8272
3055
14152
15424
16208
7047
19193
1972
6135
10168
8472
8207
2522
4518
15783
982
3261
3790
1844
6235
17123
16772
12858
18807
17176
778
15296
5970
5158
2321
6148
1426
4472
11690
17831
19464
15193
7424
10244
6103
6637
3886
8262
10062
15267
2468
5388
10096
10468
1539
12963
16771
16420
14139
14250
999
17273
15007
2622
9471
1330
5770
6488
11421
9757
8885
1097
792
9430
3195
18081
3760
12829
5276
7118
11842
18513
13889
18105
18062
18923
19421
14111
3678
1992
19105
6006
1738
13087
12962
9678
17987
7275
16964
19024
18546
19294
17806
3198
18932
5659
14937
6779
13763
16042
9917
963
11181
10369
13217
16154
7051
10514
7345
1701
6789
11723
4170
9986
17527
12299
5400
10236
13935
14771
7946
3045
14074
15476
14522
19747
1669
12454
15104
593
14071
17247
7595
5792
10655
17943
1718
15118
4117
6461
11099
3826
7901
13383
17932
13504
3846
1818
15934
15793
10163
9847
12258
8986
14145
17911
6073
18076
17675
8725
19118
8649
6363
16005
18157
7232
1156
7919
17590
7249
14267
14275
6466
5159
16389
11056
9504
872
12178
10245
4153
4382
7285
7989
14962
8774
19883
5945
8953
15917
11848
1689
11144
6590
18862
8778
903
12143
11192
6393
13124
6139
15722
8777
13182
15024
18794
18175
18205
18845
5061
13500
14752
5959
18003
487
5707
13722
13886
2242
16015
10484
12408
1437
19058
14039
14980
16565
9291
10829
9936
13952
11277
4786
15149
9268
6438
16202
10074
13539
18464
14017
9758
6537
15831
11867
16633
9908
3175
9290
19154
10646
4326
6715
14735
19146
10759
6998
19631
2609
7481
6563
10507
5114
868
12324
19127
12275
6314
2452
11674
5960
8748
2898
4030
18547
8844
13972
17533
6138
13559
18791
7794
12223
1858
8284
8970
18220
9445
2740
7207
18786
8816
16363
14254
15537
19979
10018
13882
9484
18623
13716
1356
10137
5820
16729
2004
15441
6478
10342
17850
5344
7754
19654
13604
13044
10907
11721
7586
6334
7987
6701
8244
19987
5273
845
10877
2112
13309
1782
15257
1677
18682
12623
17866
8327
311
6667
9881
4205
6284
8157
11347
12041
8129
19601
11698
8717
13949
10306
16131
16404
16364
14988
13481
13366
11926
11619
6531
7145
11728
16698
5766
6221
6273
16922
10160
15026
9459
7260
14211
736
13501
3702
7324
6858
15526
17857
15850
894
4057
17368
6739
553
17421
14860
12057
15805
14080
9315
11758
9765
8158
5392
14188
3829
20005
7847
9023
10950
4385
15925
9804
16930
17133
5444
19727
6877
7294
19821
4423
4121
7471
6180
7247
7414
8098
12125
2955
6406
4875
2851
16382
896
8635
4885
14492
7488
4100
10023
9483
2168
18900
2238
5000
7648
17443
13422
6258
15974
19488
17167
4679
10310
6771
746
18954
16236
8714
6748
292
3711
2461
3301
2246
11892
11003
19876
19841
4819
7849
4681
9853
3030
11152
12762
14672
18917
5406
3207
15364
9169
16122
1421
7562
588
15531
15359
5031
6124
14489
13993
6441
1610
14966
8001
9517
161
14321
19276
6577
7458
7339
9552
13473
18404
10481
524
15654
409
7168
20001
12371
5742
11068
17336
5789
102
9794
18949
6528
5819
11984
2683
16147
2163
1440
1547
11048
19516
4212
7293
5884
2258
5739
12717
15494
1911
17293
6829
7347
15971
8705
37
16281
7172
5424
19041
15619
18516
8163
9580
180
6902
11855
4133
18258
4457
13139
5485
11075
6799
19887
4564
13875
14754
18649
3943
8208
5275
2003
7252
10724
4909
6571
12727
7898
12279
5342
4483
6615
3432
5149
17570
15605
10177
10307
1051
13167
1399
19152
5572
5626
2222
6607
17516
8620
9059
9876
7029
16692
18550
91
2655
5063
16757
16591
19235
5181
5428
10426
5152
6886
4645
7333
19837
1276
10039
18960
7283
6464
803
2879
15740
12551
10714
19996
919
9375
4300
19388
4621
3812
2297
13677
5443
12571
18802
19099
2090
18576
2510
1495
11274
1069
18819
19506
12205
5914
854
18298
5169
10085
5746
123
1363
3536
10378
1523
230
12320
13431
18966
18532
11812
16001
18927
266
9713
4589
5971
10300
2360
626
7518
17461
14944
2526
8419
8101
1684
4067
12420
1334
13435
6965
2471
16271
10624
4829
8108
16605
19386
5638
12564
7403
17137
5623
18354
10957
2981
8007
2573
3617
18534
2466
6740
10697
11338
12592
7382
16702
11366
14506
1902
15355
11991
994
6105
15941
18256
17448
3180
122
7688
4593
17525
11357
4806
4751
14532
7139
1101
15628
1283
16778
15964
1984
16504
4340
16473
10941
12384
10551
5476
10412
3834
2824
2417
10811
8413
12498
12796
19258
19479
17838
19966
19843
6469
4470
11909
2304
6338
15871
6622
2863
13298
3076
5505
10410
6418
211
2708
12644
19365
9477
10704
2823
15597
10095
6539
12349
10686
1998
9638
17847
17352
9158
17588
7977
13382
11284
17362
1676
3287
4420
14214
15239
3641
531
18793
12936
3228
7100
3159
17652
16573
11210
10569
17112
16077
10708
10210
16727
246
4134
6459
14732
8220
6624
14193
11531
7140
12884
18852
6819
17539
19634
9911
6093
2700
1431
1128
7014
16990
4791
11527
8067
15431
3995
19206
17519
13633
10454
7833
16315
7354
16895
19370
7444
11295
3902
12895
19991
6822
1698
5287
34
5065
11765
14627
5214
14610
14508
10492
8016
8310
16332
59
15823
14018
14434
17732
10309
12767
7025
18055
14439
15858
3801
4571
16277
14724
15625
6992
9688
12010
9475
8438
3655
12239
7117
19362
9201
9323
9985
496
14571
5723
10442
12782
9530
11282
1917
17661
18803
1513
5087
2514
3312
12856
9717
17934
15573
11055
15116
9487
1834
247
1841
13637
1317
1010
3923
15839
8551
6780
19067
10460
16239
18775
3469
1562
7304
2737
4525
19203
8132
12004
18078
6508
1272
16175
9018
16781
4919
10135
12518
18707
19788
2165
14870
6809
13658
3033
7467
5106
9363
8123
5912
6842
8336
781
12325
1391
7893
16204
14998
10571
6240
12473
11254
11923
8225
9111
7724
10279
9175
8111
13136
7234
9506
4736
14235
9665
8197
5366
12664
10597
16417
362
10660
1862
15087
3855
5561
14756
18574
4939
5124
15304
340
17905
18312
15811
13035
1945
10683
6801
5193
12834
13485
424
5352
16636
878
2909
19621
6652
3131
14798
3965
9929
18066
7940
8375
9741
6596
13037
1451
3985
15633
15262
11046
2715
13314
4081
828
6388
14185
484
15314
13697
19812
9754
13076
19725
6738
3733
11632
5298
3086
18702
19462
1623
13718
12655
7197
1207
8608
17245
15546
16124
9781
15755
19680
17022
6267
18762
4953
18126
19012
17287
13798
7751
705
14861
11699
12404
2539
17447
12470
19032
9443
11625
12880
7539
9161
11910
9844
9042
19275
16618
11026
15498
16535
7632
15246
1096
16774
11370
13209
16268
798
11261
11793
16759
7708
9993
8182
19166
6250
18509
11043
1095
14106
6542
3268
11837
14881
13956
8436
17078
16788
3526
7994
3495
3593
16707
8557
13651
15408
6813
19211
9350
15870
905
3966
17322
2035
19159
12307
15039
7911
11299
19696
19019
12272
6554
3025
11706
18317
12827
13480
12088
3331
13468
6713
18892
17032
7359
3843
18172
10333
16412
7552
2058
19539
15834
1921
13078
10042
16868
1114
19467
2967
11980
4294
18811
5244
9341
4857
4785
13197
17737
16896
1630
2894
11977
46
1137
5107
8964
4639
17471
5254
14818
9191
297
11168
227
16263
980
3058
3626
9664
495
9183
10117
11933
7765
11385
1614
7142
8398
11292
7683
4502
1903
18691
10185
6850
448
12783
16779
157
4910
8057
2427
7617
10684
14222
9956
14836
15258
14383
9356
18656
8915
11744
4740
4281
5120
1575
18969
10988
19568
17082
18024
8377
17623
2262
14378
6862
18874
7574
2
7975
14731
12937
2985
782
17708
3
8764
11712
7790
12027
8226
6783
16563
14132
11776
10895
7024
19615
7228
13177
14703
8397
10009
13342
3797
19694
4696
8153
17118
3759
5613
4311
16522
2758
5642
10235
99
12011
12049
17990
19659
2552
18120
11708
4482
4966
12101
17823
18305
17851
8644
2694
2881
13255
18818
6219
7555
7785
3000
16894
8445
1481
2570
14385
19248
15631
10272
7845
13031
11265
12122
13719
3372
9591
2111
9012
16463
4438
6137
7210
14079
135
9402
13930
19223
6112
4375
18517
7968
7357
13506
847
16554
2935
5745
13224
88
13987
9076
15638
13536
11128
830
6654
14643
18345
1780
7610
16134
13421
712
18202
8121
9396
16754
16720
12308
7776
18639
19555
2799
9610
10325
1076
8092
19281
7386
13695
9925
6742
6683
2232
1649
7480
10930
17429
5906
12441
3229
15878
1135
16053
7633
7668
8904
1640
6853
12991
14625
19151
9910
4624
9826
17687
10373
1419
5948
8599
12370
14301
15557
6041
13728
2816
1377
14162
7834
17113
8235
4098
11159
16023
19661
10228
19295
5092
12390
9609
9602
19668
17715
3727
9964
4366
17793
4962
4900
18378
698
512
19226
9448
12555
1016
2857
9642
17812
4102
15019
9284
15053
16641
14325
675
2221
5269
9157
15729
5172
5296
10828
3983
1040
1130
7867
16948
3452
18430
7691
18353
5887
11342
12820
6443
12860
10694
3347
9933
15647
2662
7042
9296
19208
5513
6158
12791
7536
6309
5442
7240
15759
17540
6687
5933
16610
4027
11390
16977
12144
11220
6249
19503
8547
19746
17586
18034
2812
345
18352
18154
8692
2670
7255
4526
10622
14429
17820
8448
20000
9584
12774
4351
10541
12720
9182
11860
12438
4076
9848
6772
8025
1558
12607
14518
8318
625
17832
16497
2950
15554
14373
19046
15175
1720
287
18740
19848
13365
5345
6798
11928
15202
1090
12092
8943
11606
16477
2640
15580
12086
13009
12747
19371
4552
3564
5492
6546
18155
12285
11336
3857
14710
2744
9533
2781
9407
16214
14130
3357
9947
17707
17967
2693
7997
8326
10448
9404
2350
13282
3650
14630
4781
9893
4500
9651
18276
18156
17382
13710
14637
6037
13094
4088
13601
17301
11365
18178
11054
10190
16438
15090
5779
10594
18657
8848
16049
2167
5647
467
8619
1439
5548
420
8378
9299
9787
12917
17469
971
15690
9877
19869
10617
3406
3534
8030
12873
17156
12658
19068
19559
13898
933
16426
16706
14745
12331
16392
8572
10548
17066
17342
10170
4776
8888
11047
6838
2224
7521
2597
13546
17770
7969
6642
19526
18976
7278
8944
15076
16580
3344
9497
7609
12065
8227
5582
8280
19860
7256
5651
1752
7778
5748
10859
4929
9653
10556
79
15766
13474
622
18049
17416
17765
3611
137
8480
3142
13996
3811
5621
15294
11121
3957
9393
11231
6721
3173
17041
15875
1127
5155
12093
8934
10613
4948
11914
5387
15560
15322
15854
17491
10792
10566
11982
17183
11082
7871
14811
14425
11633
16662
14407
6955
2852
3609
9968
11925
8304
2208
4317
1357
706
15658
3059
5129
4868
2447
3068
12792
1117
17481
18973
14379
12946
12771
10945
4443
9558
4566
19865
6908
2039
5348
1923
5395
19411
10151
19794
13323
11300
2480
18671
7127
10834
3636
4787
3589
9550
17029
5534
17092
3832
13780
2237
14600
11364
762
4612
10242
16790
12541
9245
15333
718
6934
881
11161
17991
10985
18908
174
13509
3182
2074
17127
19239
10417
7469
12445
14640
14574
4556
6142
14596
1786
1098
2560
14917
17867
9311
1740
6880
6198
8891
4348
19943
12812
384
19787
2117
2556
15051
3600
10734
19349
5841
8817
11675
6704
4981
17062
10934
1741
4845
2918
10139
10483
2356
5826
14156
14975
9462
5662
12961
19149
11010
15856
478
14020
7070
8822
15031
12846
19757
5881
18192
2078
9982
576
7445
14981
1696
3787
12002
15724
5539
19586
8870
1017
3928
3140
14765
3967
18673
2712
10741
11580
2754
13
14370
18393
1527
9851
19902
18861
9434
13790
14456
6163
2991
14592
249
16287
6866
11212
9139
15797
10620
2729
3224
19968
13319
13405
4927
16902
11939
19885
5974
6272
483
19298
12181
11978
4834
11507
4995
18627
9264
1665
9410
6144
1898
3802
3196
429
15966
18384
16047
18685
7787
2734
12375
13105
12056
5866
7106
16587
7506
17760
529
1364
1725
9027
7223
17716
11938
17731
8467
9331
10699
1727
1208
15463
7049
5156
9509
10436
17839
13668
5740
12089
1769
10832
6592
18782
14228
19910
2922
4725
7992
16192
8177
742
18689
6898
9681
14208
2213
9738
12852
13240
19384
12879
12729
10278
2897
4936
14087
12597
17250
5101
16742
2768
5333
13906
17016
14552
7627
3561
12415
10444
4011
10718
7002
8380
9456
2122
9537
2189
12773
5575
16701
12859
11550
13924
7045
7038
578
6114
16644
1311
6215
14921
6834
7162
5878
18208
14481
2605
16174
2593
5846
14323
4350
6220
13029
7452
2513
8658
10290
5137
16164
11071
785
11693
3898
14570
5341
10715
1147
6938
4978
19207
17654
735
19260
10739
3097
5655
4689
4986
9682
18183
15006
9898
14418
6512
5153
5201
16439
17689
10894
15955
12848
4613
3165
9190
11526
17635
11725
15021
16170
11133
6731
10299
969
17549
2475
13688
6034
7877
6854
806
16456
9547
15785
3167
1716
817
3525
9619
5262
16968
10844
14102
2383
17006
19646
8312
19970
6390
6349
11784
13259
12910
14612
10474
17579
11927
7990
14168
13701
15545
18797
7441
19995
2157
17174
9362
16921
40
8115
5251
1266
11079
8507
13295
8601
9014
11313
14288
9997
13973
719
12967
16672
19916
12313
3054
10951
13975
10836
14388
9957
11089
2379
15252
11240
5089
17721
18720
11428
93
8407
11429
4594
4560
15869
4990
12521
5852
10664
1044
7484
5542
19538
452
2156
2042
3415
1529
16634
5166
15703
10725
7579
17819
11889
16870
8715
10254
19249
2204
14762
9464
10451
5232
19619
17769
280
3485
10635
9109
10691
1956
3418
6419
13931
7780
14737
14229
11858
1239
12748
19840
8760
6402
972
823
11952
18990
763
18261
8490
5019
5255
8465
385
16413
17425
11311
19699
14165
1033
5360
11680
13612
19579
14996
16686
7098
10457
19950
18530
1264
489
8144
5356
11586
10679
19191
10728
662
12971
16196
17718
13639
10775
1739
1866
13988
728
1675
3671
788
17007
16254
14306
13296
8038
1281
16688
8141
6012
11654
3436
15975
17223
640
3404
15637
14711
18336
10352
13565
671
14814
12414
4178
238
14151
17776
16888
18307
12242
18131
7021
5080
5528
17184
9369
12424
3763
6386
13838
8089
18953
9287
7176
11953
10862
2739
10500
12393
2624
6896
16933
5504
3547
2878
2070
6200
9444
5017
15078
2071
16166
11932
17840
3215
417
5246
2089
6910
15180
8270
14120
17643
5401
16348
8792
14942
96
14782
7355
3912
1249
6437
5860
14136
17263
2762
1775
6903
6761
13602
711
16794
16847
10657
10970
6066
9542
11915
16084
11384
5935
1973
4411
13260
10824
4542
2753
18347
19353
17357
6176
0
7684
3831
8813
12012
10241
4181
13057
14167
9453
8142
7883
2024
3575
16684
6131
12103
16600
5213
16679
19768
4985
17659
3580
4447
10857
374
15492
326
13911
6917
14920
3610
19945
1661
2631
19877
7544
9100
4704
3818
38
15282
8391
569
7554
13581
8677
12726
5973
11209
1123
16107
19356
10282
15339
15194
9540
2876
9441
4456
17162
16962
1944
4223
12728
17271
13102
12975
15023
17929
14490
5074
4893
18386
582
8876
11027
13462
4511
12952
3170
14475
13399
5776
13964
16533
6
11074
2127
6753
19600
2272
17327
18408
15225
3390
12413
18581
12639
12039
7046
4283
14146
15211
14263
1656
19908
14455
10118
2665
7039
1398
14701
3001
12862
13904
10568
16437
5022
10047
14426
17604
12738
5324
19354
14179
6095
11652
16027
4216
5151
342
15349
14529
8852
2045
6024
332
3625
16039
9089
8806
7976
9931
5372
17981
14654
10821
1754
9845
7004
5499
15991
5274
17690
8926
7558
7939
19230
9736
5313
10581
18332
1306
4334
6289
17037
4917
11672
16709
13333
1316
16325
5510
1108
11868
272
9802
3933
5843
14404
1092
5280
18638
10233
11149
454
15657
13291
6499
568
18027
6460
3789
8331
18010
17903
14670
7915
8463
1756
15672
14428
10425
11440
2051
10093
15691
1268
18851
7980
2914
17536
10144
8206
1262
13853
17529
15244
13278
12741
19610
16304
1427
10362
13329
13991
5518
2509
10760
1091
3661
16226
1711
3366
9616
13011
19658
19410
822
7599
7184
1504
1467
428
7651
8666
10782
19565
3351
10557
11668
16461
4691
13039
2538
13419
10226
396
5225
7005
10784
7941
17808
18132
4648
16036
13341
10179
17517
656
8609
6750
4989
1598
10482
2986
6794
4322
1034
13813
15615
7298
5457
14307
19123
7421
16179
4784
6280
4337
947
9199
7600
952
14172
3627
10601
18586
1565
19627
9328
825
13149
17288
6751
7246
9943
926
10146
3123
10796
4891
14170
4517
1604
17964
151
4448
12482
12439
19161
8863
14286
3348
11151
9336
1077
4303
2965
1182
3108
274
11051
1459
3939
18855
18967
10070
16470
4497
14242
4665
18437
1336
4951
6477
7086
7593
6188
5610
5121
8033
16546
11777
1726
19177
19087
1706
11178
10654
19874
16303
5506
11940
5222
19585
13248
19509
19069
5426
6506
14300
16097
4860
11498
13364
16343
14822
18311
17545
2170
10200
17734
15365
1273
2069
10256
9548
10948
8155
10969
15822
8994
7935
11629
1487
17053
11312
16945
3184
8832
6122
8443
8699
9248
12951
15953
19614
17880
2065
15929
9823
9
15192
17193
15935
9514
8545
17379
18302
3533
15176
14869
13869
7700
9255
5799
15293
19287
14224
13645
1537
14686
17658
11556
18113
6316
17284
5284
19360
7802
14353
4220
4941
14371
11323
6082
16191
16651
10674
13147
18478
4244
10268
14453
538
19909
16693
15632
13277
1021
1279
13908
12714
4094
18563
1318
16349
15247
9650
8278
12431
8769
16468
16218
7203
4061
19469
602
3176
1795
9223
11438
5661
2380
4956
19274
12626
15653
8884
2317
5812
16123
14708
14948
2263
951
12448
14843
15613
802
14932
615
14789
9510
6397
11117
10801
9473
17134
6835
8250
14197
5445
15586
11791
3777
13484
4005
8532
9751
8584
18059
12662
5612
5082
382
16457
16479
12253
6971
2366
918
5837
3783
8825
11341
18475
17177
9418
6231
16159
18431
1845
17191
6430
7369
3976
5836
6690
5631
4914
12172
4647
3479
6959
15214
13741
4954
16712
1373
18952
922
18433
17048
16160
10543
11666
8384
6174
3896
16583
4077
9743
16708
13424
2419
6266
590
13117
7307
145
18515
3139
5067
12472
3227
12983
5815
440
1974
18014
5673
13256
15103
13595
7569
12346
8867
1165
10322
9470
12889
6656
10512
7665
16566
17370
17467
16730
15752
2727
808
13188
9168
3041
2114
18694
13611
8607
2369
19925
16144
1113
13909
13726
18284
12411
8257
1958
3454
6884
3596
3251
19975
14427
17087
10989
4365
12023
11266
10240
14116
16003
9937
5965
15769
16150
2009
9768
10056
14826
16696
844
15668
10932
704
3672
255
12026
2760
4797
6612
1461
16638
4926
6604
4407
4795
10
4852
18063
1909
3840
3160
4427
10112
18831
17380
7465
11115
18273
5781
8385
18695
14892
11683
15689
13530
11730
8824
119
15042
4715
19304
7929
2576
4664
6946
4254
18719
18696
12450
11360
3537
7428
12499
13355
6632
5830
14868
19711
977
19774
15273
2109
8810
12665
2311
14753
9411
9862
18335
17067
3516
2171
12464
8591
15656
16671
15863
17378
1465
11543
5564
6444
3788
19857
16555
15549
5934
17321
1235
3773
15082
13118
13742
15464
11524
4167
12040
8087
18544
8574
15747
7331
5553
13360
14498
14054
430
5829
15813
5486
12019
11130
13894
10864
16197
6726
8290
18
10167
18789
1638
8751
16465
5885
14465
3304
7936
5586
2749
11353
16118
15014
6894
16280
15440
2830
6827
8742
9628
17974
6446
16383
10968
14796
13281
18134
5195
13092
962
1447
12276
16274
1366
17035
13456
3367
4938
4338
4872
2084
2131
18158
12059
15885
16500
5530
4263
10953
15420
16973
17297
14673
1338
11986
5643
9691
3772
2958
10205
2559
5718
16102
13735
8306
7949
12490
11373
761
6362
17431
18828
334
17921
4384
19311
10364
9077
14716
12902
11185
17334
12881
16410
8582
15005
7522
12669
14472
5872
9526
10433
15542
2149
10187
2993
16494
8324
8062
7515
10060
1454
15436
8794
17627
5066
16852
15882
7806
11044
7747
9507
4089
8979
189
10015
11340
10756
19832
6457
7696
8983
14879
4455
17825
12156
3919
2819
641
1291
19050
16153
11873
3559
1611
17907
1871
7644
18424
1008
19922
19744
14469
6755
3745
14535
9345
16215
6810
17646
9655
10261
5818
8046
12565
10379
4347
13301
18245
11931
2671
6860
10604
13384
8361
18487
121
7165
14354
11001
19494
1560
9216
17051
5669
17771
8337
13190
12066
2477
6818
9675
10527
6491
10376
12643
9941
13736
9508
7402
8660
4186
4123
12883
17485
12919
39
10547
10138
12462
4059
12622
16958
10214
12241
17544
11863
3449
18204
15081
5283
11201
6193
3234
18255
8996
13486
4622
4072
7504
17899
17633
3764
18642
14483
17505
14339
19937
8889
9064
2814
8028
15770
18021
381
19052
10729
6126
17998
14147
9105
1295
930
6616
19636
11950
19143
1881
16744
1204
15326
12686
14671
7461
3586
8558
14144
695
4489
8767
10967
14922
3778
8120
2236
12861
6836
8632
14474
1314
368
521
10122
19253
1498
7409
5806
9825
6372
9106
4928
10737
18943
2408
1500
7619
7425
7701
15992
5233
2557
18213
1591
7788
17904
3377
4707
15833
17614
10424
4523
3238
17578
10031
10400
7468
16571
6286
13657
17751
18391
8820
11355
11800
13441
15143
17208
11742
19519
1390
16098
17290
3938
11246
19368
12532
16056
6480
17924
11420
2316
11153
19075
10467
3779
15898
12199
12282
19864
11016
2367
2987
18507
14236
4327
7312
14495
19227
2759
12459
2289
263
9081
18270
18412
3630
17794
7257
2463
15603
3971
3338
2903
15674
13063
15043
794
5923
6427
584
19875
3328
17473
849
12440
19973
600
6209
6841
8187
7734
14767
3803
2811
10221
11558
13827
10109
1997
8190
5901
4588
12265
8408
7157
17565
4465
7718
5702
6737
7053
3851
12342
12933
9595
5094
4309
3265
7528
16543
8004
7460
1246
7114
2398
2484
4400
4782
3774
3322
12219
13198
1790
3201
2098
9605
16783
18560
19645
13863
7589
10391
7876
10897
13555
1352
15967
14012
627
2095
2268
10387
9096
12979
3334
9152
19222
17065
1796
18107
8260
17902
14432
3568
6888
19771
264
5791
2394
14480
2838
917
276
13095
5024
13303
11062
13469
7153
19313
308
13912
2805
4017
13395
14842
16717
19648
9125
10987
354
17509
10375
14561
5591
14649
10576
5005
4958
7839
4555
15709
14941
7824
5989
11599
1697
13950
13315
14478
1934
17966
13438
1554
5797
16642
9120
16955
8494
11157
2460
8282
11060
14280
10043
6768
5865
1200
377
13552
3465
6848
15397
414
5378
18854
10577
15900
12487
9603
9303
11631
7891
4209
20013
1890
11762
15478
11741
3421
551
11957
1920
17189
7493
13306
14734
8471
20007
7934
12866
15607
2291
1822
7281
8475
11609
7092
3100
9218
5147
3706
13013
7956
18924
2583
1110
2342
5256
8179
16721
12721
6725
15814
13916
18086
9563
10287
4811
12425
6190
6610
17098
18142
1171
18123
4277
8511
7392
15084
9280
13942
6435
4097
14815
10949
6116
12162
18181
4862
8009
15171
16936
5629
17788
15525
1293
8580
14416
1032
737
2668
8043
2865
1166
18463
8659
18373
10301
16342
12360
17256
4349
19976
13599
9195
537
4708
16240
19779
9098
9518
17412
771
19466
16105
19732
14629
16797
5762
2050
17387
5235
13446
19736
3942
15027
2690
4870
1543
19549
15094
12289
5259
2197
7587
17374
5982
18655
9086
19800
3828
1622
804
2185
13317
9025
19412
12500
2796
14376
15137
18423
1892
11070
1690
6151
12678
9732
19153
17909
9485
7851
6127
3378
15930
9878
3020
11015
2424
4752
6481
5767
8159
18401
8766
12235
19965
14590
19868
2499
598
15054
9338
13024
12854
10132
6025
14804
4257
14653
858
8839
13358
8053
16590
6255
10088
7342
9337
19551
9759
4535
17506
15167
7953
11296
2355
2274
7034
9439
19172
619
15131
15271
12612
11179
19803
6487
7109
42
2172
6749
13327
11548
13053
10905
17759
17917
1709
10435
2041
14950
6046
19401
9019
295
17476
2136
14394
4306
19702
18972
631
14555
8797
8988
17239
14477
17383
3941
18895
10922
16876
3507
5003
16188
2044
9041
4154
9438
11881
10574
17071
2548
6705
12262
7638
10773
12025
17581
10341
13900
16558
2555
13433
16593
14618
9297
16112
3396
13175
19493
11551
18281
3451
1885
15775
7200
4147
10026
10606
6639
17009
7882
19839
15037
8124
11534
13398
5962
2481
16606
581
5956
16746
13075
915
13764
3673
6657
15879
16982
3075
11972
7279
18893
14515
271
5602
5500
5517
17502
4973
12155
13851
19134
9733
2494
11996
7643
12984
14140
15228
13236
17126
11397
1392
1713
19232
5199
13825
14780
9715
17936
14664
10584
9020
8255
2247
4550
12587
6812
17015
8462
10815
18188
165
1670
9541
7196
10523
13878
18950
6871
1041
1668
18865
4180
5436
13064
13816
4118
14486
7926
3952
3179
5109
9562
6975
7050
8856
4623
12469
9593
17574
18785
7825
6304
6283
12944
9228
13788
12955
1155
2033
8066
13920
17236
6831
18543
13288
13647
17157
8104
13134
870
16072
16086
9184
7960
17451
15336
5463
888
16576
8498
8405
7134
15456
4724
16983
6448
8080
5968
15567
16946
12171
11859
2057
241
8
17649
5093
12573
14389
13412
8531
15943
1405
1018
5285
12548
15861
8647
17642
12544
7001
10575
666
8883
14401
16135
17669
11253
5099
9913
19891
5755
5236
12755
14460
16839
18223
10900
1119
5481
2174
836
18601
19255
10845
14048
7950
1710
10903
13561
10678
16841
558
15129
14269
13731
6583
13712
18582
9770
4634
16006
17598
9834
13210
6970
12876
14025
11314
18935
11173
10493
3692
12110
15614
12784
12224
19045
14395
7516
12286
3999
12396
5055
9329
14083
8913
19197
1748
5295
1651
4744
2432
9319
75
561
1310
12317
9312
18211
2135
8758
13884
9226
9270
6424
7144
17892
15540
5924
275
4106
6302
8222
16756
9468
17240
15680
18191
5782
14026
6969
18400
14084
20006
4890
1515
4335
7737
9643
13965
18709
15274
18451
15734
17349
1912
17727
11409
4426
3648
17129
11042
1219
16430
9761
19666
3325
12350
11131
18931
7972
18846
16650
9623
14862
8640
5215
15020
11053
14166
8882
11433
1493
18907
1894
3013
13995
17975
19822
10208
7728
16091
2810
13999
12466
1843
11326
6432
10618
8010
12070
13512
13215
10550
5595
6547
5450
18662
19896
10145
7510
5531
2790
16557
14720
15219
16969
17501
10928
4230
10780
14007
10559
11502
10343
4453
6033
10978
7499
6964
16031
3106
3872
14108
9378
10430
12127
3130
8796
13267
1747
10339
14598
3493
12005
13614
12869
15507
19952
861
18296
11399
205
11065
16085
16037
1210
13662
11412
9142
17580
5310
839
4313
2154
15334
16844
7520
4033
8512
10381
14420
4883
5170
17617
18770
8150
3993
19657
19116
8105
7823
2036
2211
4218
10081
17701
12506
10831
11887
11904
9304
7282
16611
13527
1851
1457
4825
3972
3870
3576
4601
8354
11158
13163
17704
12872
8335
18510
1442
14736
10947
14219
8232
8081
9075
1609
6057
6544
16716
1109
19450
12058
16165
4911
2976
4615
12369
17393
4859
5926
1085
3481
12336
15455
12994
14357
1635
19446
7450
17398
2323
11187
7420
19607
9906
17753
10986
12581
10011
16961
14764
13131
10178
10383
2462
12165
6081
7235
11358
5250
18116
18997
16691
1584
15524
16299
8332
53
1980
12909
7081
6297
13692
10358
18028
15097
19312
19001
10518
16054
19935
16994
10564
5385
599
620
14315
16262
13165
19278
11285
2660
6957
6514
8650
4722
13008
8793
18090
3897
3157
13489
17802
19425
9085
17345
14588
11408
16564
5596
9122
13606
15497
14326
12953
18898
14191
6098
1100
6179
18238
14757
15237
15493
17910
6417
13330
12510
6982
15890
8196
4319
11081
17097
435
16750
9656
15475
11794
7629
544
16675
10952
10677
14691
14482
2603
17559
3358
10024
13847
664
4084
10464
2961
11785
18100
14436
7803
10636
9181
412
13000
13520
5200
10063
9774
16627
13085
314
13872
7062
7012
3751
14461
2150
13781
10662
14467
10701
5175
14803
11280
18945
7801
15640
19042
13776
18369
2699
2233
17612
18084
14387
12087
16378
560
11890
16700
11563
749
3144
16140
11431
9690
12129
3467
18227
8499
13586
301
10321
7170
15240
11778
19179
18920
5038
4336
19609
18037
2612
9390
5294
16014
18717
10316
6007
8252
815
15894
7384
15906
16869
14527
2994
5240
8560
12399
3172
14422
5439
2619
19762
9670
10183
2853
12117
5446
11286
18896
6661
1534
10736
15248
12381
14755
16995
8229
1645
3362
17625
11297
58
18877
11072
12006
10680
17639
1348
15398
18965
16454
17959
1086
8739
17538
4731
7872
4307
4086
4794
17757
9289
1173
14738
12033
3398
7698
9598
2649
4729
14324
7978
935
4189
12091
15987
12291
12085
3269
14891
15460
19931
12787
15710
18813
14320
9827
14406
14579
17435
14274
4468
5525
9177
6688
4048
2628
2900
911
10887
19296
15079
1758
11310
18217
5484
9031
13787
14302
6154
14521
10607
10946
14913
10463
4605
7476
4104
4243
3522
1820
7905
11686
8931
8646
1905
12722
16432
8254
397
12430
18403
357
824
19424
19770
6145
5339
14500
17045
9994
2577
18195
4142
3034
17521
13349
15836
3057
6429
16864
16789
18983
6060
8034
8730
19833
16000
270
10010
9062
12507
19545
15958
1514
7103
18015
9078
5490
19605
17775
19005
19323
13294
2358
2313
19169
5536
16230
344
15480
8789
8755
9203
5805
11024
7792
3441
1806
10917
9313
10892
4739
18053
3614
9970
15720
16261
9695
13477
2686
7766
12287
3468
16621
77
4381
12624
1553
1425
8387
18362
16313
3009
13318
16295
14442
4115
4735
19963
7195
4041
11880
12503
2752
16113
7873
12180
8526
11224
19092
11839
3523
6987
2591
4504
12598
9572
6496
185
6001
19810
17935
648
9896
11106
11832
1020
4233
13299
18567
17199
3453
6053
2391
11779
12526
16550
16827
14536
15950
2921
4646
11849
2537
15109
15513
16704
3865
17323
2652
9034
12743
2614
7547
19739
4475
3498
6339
5675
727
5724
15128
959
9730
7535
7931
17220
6778
15800
1904
19515
14933
6857
1808
12813
10658
18253
1315
4558
7541
10349
6462
7817
6412
3081
7152
1433
8379
2623
4866
3595
12468
19835
3572
6711
7163
15101
5171
6140
16328
14807
11687
11733
6817
17465
636
5397
3724
9224
18152
13090
14676
13850
18525
4122
5180
16283
12406
4964
17195
7678
2634
2563
15485
4042
1528
4295
4260
5160
9779
3800
8421
3808
17546
7760
19053
15177
19626
17005
6509
2199
15414
5163
19202
3286
6503
17700
12870
12385
444
8273
7102
2361
1873
11114
4633
5938
11999
19735
3257
17648
10218
19724
11443
18647
6014
17940
9849
5622
15988
1042
6479
298
3686
5593
13045
1583
18727
12690
8536
3326
12312
15995
4702
1967
17409
14410
15453
19959
18267
17931
8348
707
6532
17413
4428
7135
15362
18268
10029
12561
15337
14628
7984
3623
13694
8173
4162
4430
13100
5177
18179
19399
316
16233
3917
12380
3137
14742
18987
19927
19879
9478
10901
3353
19338
5921
776
17811
18200
19947
9279
14252
15207
10203
1059
5855
12877
17080
12304
8295
10971
15669
3809
1817
15946
1414
183
12233
4069
14883
19162
4808
4320
16040
18374
15801
3844
17021
190
3954
11829
17786
7642
5756
16235
890
6988
19816
3970
9285
1199
19498
12020
4145
3543
335
4068
18911
7194
15126
282
8855
13666
5143
2503
9412
4777
1906
1910
4107
18046
8176
15363
5507
9003
15163
6040
19507
15041
7457
17251
17970
7446
17500
3171
19277
12126
7856
747
18289
4139
19341
9193
15055
15181
12361
313
8731
5467
7075
955
12177
2235
14133
12795
19114
4638
17238
16822
10786
7502
5589
7563
10461
7094
17989
11610
15251
15312
8922
13275
6686
9249
5010
17534
11218
4299
4575
3420
15604
3445
6020
16765
993
12318
10764
14631
14449
18869
16442
5704
1142
5689
19592
8629
9858
1878
6741
18380
15532
8423
15923
11146
6211
4378
18490
1746
7442
10174
10128
7335
13140
19804
19798
15795
18938
14141
11363
17858
1608
4403
19456
1969
14599
10296
13242
17211
12152
3384
17986
6929
8296
4741
16694
14884
17678
14051
19955
6994
1180
19672
15070
13292
5811
15608
9693
19337
11641
3147
19647
13351
10863
8786
17750
4293
1410
1003
19470
12677
11491
6391
1719
13575
15000
12802
19639
1907
19329
19402
11634
6470
15516
12403
18269
13099
4301
4184
12244
11334
10129
1801
10414
15901
863
18481
11272
9703
2123
9205
16158
11517
7027
13843
18104
8604
2410
16093
4495
5848
12043
6907
13466
8858
2257
11600
13689
4720
12288
8671
14681
6023
8687
17852
6120
10755
15212
6483
760
15250
16424
6003
15156
3482
7483
978
2244
16850
1409
8912
4363
11736
3951
12843
5058
3459
14949
14313
2164
7212
11376
16542
12146
17047
14938
9116
18168
15969
8245
13667
7058
14336
2549
11662
11509
12157
4237
2455
3521
4023
14534
1154
4454
10223
4480
8784
13206
18290
4008
16411
4227
5693
8172
4842
9002
14931
7508
16620
4920
14006
2202
2440
5524
13675
2638
8947
13400
7160
3892
4399
3853
11287
19698
7826
56
12751
15430
14380
17798
9333
2578
17706
1595
3510
19504
10386
9727
4432
3397
3408
6236
15221
2080
15174
18951
15611
13974
10629
16507
11678
461
1699
5229
15201
14056
11650
11620
9343
17901
8162
2842
372
13307
13824
15914
13553
5301
17268
9865
18494
9744
4775
2325
7248
8128
16710
15536
17891
15152
6454
19590
3690
10124
13783
3889
18407
11492
16959
19288
6051
16466
5671
13157
11228
1788
14230
19740
8506
12943
19333
6331
18541
13860
4923
16356
13848
2141
12451
18704
10305
15627
7852
7087
2582
1986
3365
8605
15609
6861
11764
14946
18591
1484
13877
16892
16234
11206
10466
7896
19633
19932
11735
16223
15111
7815
12080
1319
18285
14309
14069
3867
8344
18795
17294
3345
2608
12985
12614
14777
4445
13426
11028
14774
16089
15945
7199
13745
2407
767
8367
14679
11637
10105
12734
10754
15786
19375
17532
8013
3862
8664
11694
11066
8823
10110
11113
2926
17454
9266
14976
57
19221
9383
5857
15692
18184
10927
19427
2572
10939
774
14266
19433
2832
14210
556
6439
19851
1360
6091
10098
18885
3064
5937
19397
11155
3588
7018
2227
18501
18350
13522
14369
17482
17030
8562
18379
3155
3632
15266
3214
3699
7621
8643
12890
4812
10259
2858
6553
4922
11356
10868
16515
3569
5054
14433
16812
12352
13447
3200
12407
1312
8534
6204
5907
7637
11967
7827
10778
7492
16141
11787
13143
10017
7277
16865
9958
18520
18756
19209
17849
19836
2792
17680
12355
18584
267
3875
6094
14847
18580
16886
10470
1078
4492
17282
14503
11691
6922
9813
709
18413
12821
10348
12553
8617
16447
4395
74
5248
5620
7740
8812
14856
10850
3757
18136
8989
7040
17403
8857
5126
7373
2877
19175
14040
11783
6939
1183
1962
11624
456
16802
19181
16462
17735
11198
19981
11391
17713
7180
14608
8015
18209
12114
6933
1370
12447
17105
14890
19986
17695
14424
16391
7156
16419
4296
16805
10156
3519
195
2523
4913
6303
5165
17774
8294
8118
10365
2458
18073
5942
4166
8600
5904
19094
9773
3426
16502
3577
3385
12780
4463
16669
11379
16106
8656
8189
10232
4259
4597
9528
17895
8412
8452
12585
17664
4479
5162
10076
16974
11993
10478
5020
12621
2052
14523
18521
13232
15009
5266
7262
7886
1081
1080
8615
321
18583
12067
17728
10614
2314
5984
11734
8078
5844
6059
18859
1294
6685
17420
1850
18796
5744
9461
3948
3369
4196
16311
605
8657
14517
6630
28
5804
19100
7269
559
9429
2654
549
1232
8210
14873
3480
3093
4678
12209
10793
8029
11465
18425
1179
885
852
18913
2850
3592
3368
16331
8957
3879
11522
5211
10328
14863
3021
15826
12501
14060
11990
6153
1152
16914
6995
4001
9212
14044
13003
8790
2421
18558
5831
13721
9221
14174
3684
12646
18847
4396
15093
16083
3442
346
2907
12572
9967
4801
3863
4672
5353
5716
11851
14972
9576
14173
18244
168
16853
11243
14092
11692
18910
18341
13839
5677
2535
15059
5605
18687
11004
10217
8592
11371
9377
13176
17699
12874
8678
9040
2173
364
9923
8651
16950
16379
9775
1274
3437
9646
2713
21
6743
19366
8593
12922
15002
11754
18167
6495
5468
17589
16251
3560
17634
18788
19980
18915
16747
15389
1743
19021
12402
7904
5922
5125
9632
8267
16308
17358
1826
10446
7954
16677
16016
5501
15092
11041
4012
12453
6166
7654
4881
16368
5667
14559
18978
10623
12137
5045
13194
9963
4745
12477
1139
11216
12102
14984
18221
15105
15819
1502
15138
1075
3996
4975
4972
15897
6844
15316
11998
17524
6108
15501
17882
8745
9589
11273
5062
1953
702
18318
11781
18514
14646
8411
18292
12736
6298
13725
2518
19345
9035
19529
2945
393
4616
7659
8288
14778
15003
17210
12591
11814
13055
11523
19352
4314
11695
15383
5546
19093
939
9722
17227
13304
9604
3885
4046
1228
9460
19043
4976
3089
14297
3500
7837
6694
11760
290
13618
18870
10312
7224
6396
3233
14540
15616
1839
14718
6714
17052
1540
6785
9625
7096
16926
5600
6084
3035
10399
1386
8701
12053
18068
8537
16322
1949
2747
12845
19687
18590
4528
11648
7703
16601
19817
5747
17742
5838
17279
7268
1889
15684
18007
14624
3439
12589
3931
16858
19564
9384
7755
6214
9569
12853
19581
7581
138
1112
19120
18098
3192
5882
11422
184
9799
4886
18629
2038
3798
9824
7099
1298
11191
18724
501
17744
19394
10695
4356
6337
7485
8454
16259
19656
8546
14568
10323
11418
8330
12973
12108
11968
7416
944
17171
12601
380
11518
2957
16538
10472
1908
9832
13526
13771
15256
17418
4202
11809
6416
8504
15928
14882
9133
9087
9551
2592
1751
4082
12528
4851
6951
19729
12134
8366
12947
11245
17609
6945
445
7385
19764
17027
10350
5983
10012
11579
2330
2423
13331
16561
12278
11200
4813
13723
1692
19250
1460
8483
15750
18210
937
15867
3082
17182
8706
19369
16126
14311
5526
1241
6128
5711
6189
19512
4600
9777
12939
2564
11623
4436
14075
8289
7491
5954
17319
5332
18643
11946
12942
14714
18970
17049
7690
15387
18265
4586
2837
83
17405
515
10783
2618
1057
8093
11806
900
7187
13959
13812
10051
16190
5879
10072
8951
7035
11237
13525
17411
796
3146
5015
1172
13951
6891
13777
18675
16269
188
7181
15220
12823
4109
8422
19499
7613
9600
4055
4256
3111
13709
15998
17712
18829
15307
7753
10867
18540
652
5565
14537
6330
18491
11830
6015
4183
6032
14135
350
18473
5609
11582
17028
1056
7680
15774
20012
15963
4779
16826
14345
835
7572
8886
1643
8559
3117
16374
19018
1695
3135
3461
13347
16059
14283
5306
1913
16448
16431
16007
4032
770
3258
9769
10389
14924
6150
14409
17894
2212
14964
12045
11436
19827
3542
8662
2508
14392
11477
16275
5462
16582
5549
317
494
5364
341
1563
15467
19077
1144
13293
6468
8583
9870
11461
8440
15893
9988
19303
17622
1631
17767
7669
10855
9108
1229
16751
16967
18233
12192
5304
3433
365
19728
4907
4108
10108
8508
19759
17761
14551
16393
12617
14192
379
8383
8468
12266
13598
19490
14722
18619
1673
10476
2698
8636
1646
15399
16249
7371
