18426
10661
11898
19528
15391
19741
3048
6423
3910
19734
10974
15260
9621
15077
13249
5614
10537
14799
9123
10991
14874
2581
8137
8741
11516
19457
14912
13968
7902
7451
8269
1332
3637
2278
19575
12123
13758
12227
13181
516
3032
9091
9720
1724
6765
4247
8287
15353
14287
12545
14421
3538
16156
17663
18468
11434
13066
19359
16195
12908
1397
2710
14070
12188
3434
8325
4368
877
10438
17912
11922
6229
2963
19938
7511
9904
13841
19076
8513
15439
5869
6557
1388
1976
8960
18508
17459
3403
15335
7453
13978
12619
13453
13103
17135
15423
12807
3579
18161
5897
10720
5701
12079
16238
14719
8991
17444
16818
10742
2266
13274
187
10498
13915
507
9472
18697
9154
4658
2389
1428
17556
2835
18459
12563
16830
6808
14030
14693
98
8563
12990
4285
6786
4627
1618
10647
6507
7881
13826
17325
19408
19481
15790
6376
699
3949
18474
8948
891
4034
16145
4280
6760
5119
12120
7067
18297
13685
6294
11484
15887
18875
10486
16499
10806
5489
1561
3654
12928
14697
8106
686
16246
13052
115
1634
2286
19638
10593
7620
5205
8740
6684
16228
3402
5464
9121
15529
10173
17019
13010
17424
8933
1655
7658
312
6773
2636
9358
10126
1511
15107
18089
12512
1891
11657
4286
6156
12968
1400
17530
11441
18698
16443
9919
1916
12997
11319
17283
2386
831
8753
8446
3300
16004
17401
18725
19571
16683
12432
8477
12995
12017
2776
17582
6709
11088
6919
8466
5412
7338
14016
14207
6164
13580
17276
17889
14659
19577
5731
12577
14702
18038
4198
12032
2742
5026
13302
3241
9202
12625
19629
6666
15323
18778
4
15297
15996
5479
1821
17498
1879
10206
5700
9649
5454
95
18679
6912
1732
11489
3164
6617
4442
1551
19122
15876
17973
17957
18328
8811
10789
12980
12484
3029
2336
7374
1828
15018
16900
7073
15268
17186
12489
10073
11879
1691
1006
2642
4231
13940
2910
16760
4764
12353
5624
11643
6080
797
6177
11222
2771
2362
17890
6428
7913
15386
12422
5466
7408
8076
18752
7652
12578
18545
4531
6505
1462
4730
18570
4584
16503
11768
18109
2441
9620
18711
9630
12560
18497
9495
17426
848
7948
18650
376
14015
14512
6467
8704
3052
3022
10119
4197
3444
15222
12972
11906
19686
10958
18246
16108
2924
4390
13096
3299
1131
9021
462
17946
534
7169
13353
15772
14103
1324
13067
12359
162
1341
19156
11700
11966
3653
13032
19107
4652
17373
17550
610
19417
2786
16291
19594
6953
789
18001
1700
14468
5069
5260
17922
19495
18882
1244
4867
14262
1812
15229
15179
12105
11324
2703
16739
131
3019
14982
10407
16979
12225
12046
1187
10040
1932
17930
17870
520
480
19562
9920
8524
16285
2365
5981
18651
1361
19142
13452
5315
1861
16965
4916
9277
11098
14776
12003
7055
3221
3714
7615
9009
7955
3854
1765
5282
5966
13137
12815
14090
19808
3887
10688
4617
12395
17691
7206
9857
14086
436
9469
18394
10231
7435
11197
3517
18411
19718
11107
19112
6518
5361
18814
16020
19826
8261
5362
18753
1468
7664
12063
18681
8418
3289
3128
12338
14450
2196
11732
5511
1225
7030
2517
18611
2942
19192
10667
9294
5252
14995
17377
9885
3707
18994
5112
15990
4503
9728
2817
5554
1607
17253
11667
11002
3470
13115
18160
3016
17064
15779
3102
8259
13696
5555
6677
10502
14397
15208
1258
1174
18739
16731
4583
2788
19731
12062
5657
2946
7553
732
12343
11797
10702
7985
17233
11288
3795
16681
4003
261
6027
13205
17490
18603
11568
607
13905
8242
13040
2218
12161
16703
13676
12515
18422
8864
150
13977
11217
6605
9036
12627
8161
17655
10669
14137
5663
1435
6389
5979
2524
19022
17149
14057
16873
11711
17212
11718
18552
5113
11097
18600
1107
12460
12525
18519
2766
2983
19749
16505
16371
12195
3249
9763
8932
19447
4402
19715
1387
7689
1505
4213
1590
4292
8048
2677
16414
2751
8302
12461
4649
8333
9897
17207
12314
16682
13313
15196
17068
13653
15232
8663
9159
18013
19321
19339
10800
17859
18465
646
11658
1627
16878
8929
19314
2664
6102
14112
13262
18232
16444
15652
6567
3352
13320
9660
13881
87
4248
17073
12789
10544
8008
7560
17151
458
857
17407
12921
16614
11807
3663
14438
3267
1417
3134
1687
8918
9486
1535
6352
5478
7412
9179
3383
1601
14622
18765
10003
12569
8006
1134
7862
9515
13220
19445
18082
2673
3908
10087
13290
11866
15807
10488
15265
19624
11019
19256
19574
15127
9252
17920
6171
4452
2554
14033
9180
7179
17391
6633
7548
14202
14923
5247
7625
15716
3291
19665
18636
18235
13144
19974
2519
13554
12409
19453
10705
1339
18248
925
18112
9389
12426
5807
6115
17289
16407
4669
4228
17746
8430
12836
16848
11959
13896
16577
16307
4697
304
11271
5302
837
8371
11930
12965
5380
8691
18974
13607
17942
17337
3602
4789
18263
16910
13895
3845
2875
12763
13231
9989
9525
13280
10406
14960
18145
15534
16758
562
3042
1888
15840
11572
17124
8779
16803
8217
1065
19200
5132
7190
6730
1161
18030
879
4602
19847
8382
7762
459
4537
661
5084
1757
5666
4498
12804
3223
3343
5258
10570
15810
12745
18388
14117
8428
5706
3471
7564
13344
15106
19478
14663
65
2595
11553
19807
8681
7933
11025
5413
10083
3152
7119
7396
15881
8277
9953
11087
9624
18751
3073
19224
4288
4466
7588
6625
15185
13114
5692
15895
10429
3980
16394
2032
11810
9273
6360
10267
3907
11505
753
5607
13310
5216
1660
12001
17103
16889
16087
5139
306
2970
12248
17563
6409
15855
14232
9828
9083
11773
3830
7150
6627
9048
4864
8286
2871
5538
8541
2075
12811
9704
7557
7498
2467
16737
7074
10539
14085
17918
4271
1542
7164
7033
859
5608
15903
18963
16337
6628
16273
18438
14452
6520
10992
12163
1683
14231
12204
17499
4908
7308
5192
18838
76
4391
6259
14435
16482
19889
19219
18857
8946
19917
12705
8263
14633
4762
19216
12322
1073
3775
5050
6226
10935
15394
12190
4388
10194
5674
15730
6718
18767
18470
4332
6106
3050
11270
6421
2885
4377
6901
6237
15701
5551
11894
16485
18484
1957
10529
9995
2725
12818
12805
4496
17752
18283
17365
19689
11628
2769
10030
17306
6129
4308
1712
2974
18887
13652
12557
846
206
3455
17496
14747
14927
471
18458
11798
16434
4765
6486
160
14609
13963
5891
15505
16018
11597
17830
8340
9498
9636
8958
12252
9222
4873
12018
7836
2031
14792
14386
15427
765
8726
6646
15499
1068
10416
6691
2126
12261
3634
4302
10858
9577
17978
9575
12667
4415
359
5227
8138
4174
7864
4506
11885
3877
9705
16676
5894
7580
9141
1472
11139
19007
2544
6640
16624
8083
8116
726
3047
18435
17656
10182
2332
2486
2073
6147
7576
16745
12713
15821
286
15776
1648
16719
3256
5719
16529
14726
19125
17868
1952
18346
17821
3950
15469
15444
3628
8453
8372
13407
15483
17292
12706
13597
16531
15370
9258
9535
19390
17963
4980
19441
12069
19003
5715
7578
13901
9712
19174
17302
4471
2219
17423
1827
8032
18867
3395
17477
3235
10102
16837
8952
9659
17181
8109
616
19432
14809
3101
4499
10465
17055
18690
3210
14677
10453
3674
18630
7783
18680
13487
11936
3066
2276
6800
13068
18334
9049
9810
3091
216
10441
19340
8807
4036
3342
17002
3085
16198
11230
18772
5730
14680
13387
6011
18760
6806
8911
9395
681
19604
12697
8693
8388
3077
3279
14251
10693
4640
13583
8750
15012
19083
19461
18262
14203
3078
2746
11962
18512
18713
5319
17572
13065
8756
1446
17810
13570
3565
17494
15144
14751
10332
15
19978
19791
15757
7217
11225
6638
14657
3591
11227
2490
7517
6846
4937
3063
546
7800
12335
7367
11329
5823
9347
5167
15085
1919
9903
2802
13109
12887
1954
61
6323
11426
8181
932
7061
15465
6328
5179
4272
18511
12712
4580
11500
11613
8818
13557
14821
16660
1141
16161
2188
18193
14749
5448
1302
19893
3379
1596
3429
3309
11820
5796
2046
14068
15437
3736
4063
19596
15409
16320
14999
10165
1230
5331
15410
4119
2912
12770
2862
15233
7782
14052
2767
3401
14097
17730
14604
13002
12636
15120
5772
1518
15852
16992
19157
9716
1148
16657
16257
4158
1254
7962
12015
17222
13373
16613
6172
7748
19243
8707
2679
14885
8406
11969
7455
6573
10353
16327
976
545
15842
7447
961
3043
8781
8897
9406
16537
16981
8980
1343
12725
3734
4487
5402
11834
3984
16521
14443
10371
8205
5189
1723
19743
8815
14853
18921
13116
14076
7078
16612
548
9024
9321
19924
9592
12504
19047
15482
1619
6603
2940
6870
12941
17817
11808
343
13955
14601
1624
7115
4328
4289
4547
3250
7697
12378
17887
1048
1434
1993
3529
9863
16388
3266
5808
5265
1265
5438
2381
12760
3088
17805
11405
16366
8404
14423
19681
19913
18757
16670
12417
9790
9405
14520
7201
8877
16297
811
8201
7244
6183
17258
16617
7265
10250
3486
14458
9416
4614
10398
14153
17104
3656
7880
1223
16312
6401
13582
550
13171
17260
7860
15543
2920
10994
373
16104
17252
16050
10277
19748
14690
133
15061
15751
3430
10440
14660
1441
1192
8655
307
8520
883
4304
14656
10494
2288
11112
17855
3994
4210
7477
5752
18483
8215
643
18174
4078
1679
18477
7129
9702
4952
16997
6980
1158
11512
296
5833
15717
14298
5346
9707
6736
17999
4925
5686
4015
19684
18607
1045
8746
19871
18029
4217
15412
2971
1222
7797
14473
9685
12237
2890
16033
4994
2449
3709
1626
15981
5316
19992
10501
16395
7605
7020
13091
18933
4315
1471
1240
18538
16173
4838
9163
11766
8154
2822
15590
12382
13859
17044
3018
14013
4706
2373
8487
3283
1771
19742
19251
6348
12014
2682
14131
4544
17873
17636
14279
16096
3874
17531
11175
18834
3739
15644
3327
15309
5471
2938
14466
9198
11562
3448
3619
6366
12735
3411
18421
6256
5495
4997
9780
13893
11660
18901
14485
17842
3119
3115
4459
14979
9045
4957
9058
19070
12035
5320
7340
5889
19578
9532
9939
4441
11743
7375
16469
16705
12529
2531
3770
5939
19190
9385
18127
4022
16026
17883
10053
24
16384
14113
7377
16346
6356
10101
17503
19928
6100
18776
18122
2487
236
6224
17329
18180
1587
15040
688
2371
18606
17179
12940
7809
386
8585
16213
13997
17376
3410
11493
11049
15687
13932
10455
14886
3819
6916
17000
19782
7730
4671
6796
2854
8851
2420
19372
8268
19023
219
7097
11513
5029
18415
8073
10588
228
2684
13371
4127
2284
14183
9850
11387
5369
6433
16471
784
8365
12641
4861
19403
6451
11676
12582
4982
13028
793
114
1321
1829
18342
9890
2491
11413
17722
15130
10479
13346
2392
9117
11630
2231
5234
5521
13354
10057
10813
11567
9500
17766
13840
8374
19870
6247
1234
3005
19324
13491
4847
10413
16247
10496
2349
3017
18414
105
10526
16674
7928
11045
1326
12806
4606
16111
8975
15784
1593
13947
5238
2884
15203
4728
8955
10871
13837
8107
2368
10140
17188
3245
7101
540
3776
12221
12136
17796
18888
2602
10020
2108
18498
9211
18816
11659
1857
1929
8890
10865
1815
2784
19262
12145
13698
125
19754
5733
6979
1759
17600
16162
6246
15145
5487
8236
13158
12297
269
70
17311
19500
6552
11462
7832
8941
18032
6374
16814
14430
12656
12559
15563
19598
9134
11816
15310
6345
19940
11406
7360
11459
2431
10605
7432
16526
1005
10612
15280
12149
16544
6315
10330
7185
11920
3669
8709
5318
17629
19511
13608
12009
1876
2470
15071
1351
6942
6874
2941
103
18224
13465
8576
2375
19701
443
12176
2134
16832
12808
19941
3514
10885
5736
6306
16687
1950
2099
16055
19899
11127
13907
12534
12790
242
12133
1269
7043
10849
16993
15728
9238
16451
7317
400
14936
6706
4931
4062
8486
11960
13789
7009
14930
11525
447
4287
5660
2248
6305
6090
1816
4721
946
13808
3218
15279
2821
3615
8394
5314
4267
17446
17453
2293
17061
18065
6548
7104
1043
14226
12776
17558
5323
841
4467
13714
10837
1121
15926
7202
1864
10528
3264
14593
4641
13644
5563
8012
15683
3083
460
14248
14658
16954
15661
10814
8040
17046
15972
13693
19671
15577
13432
13238
11825
19895
4451
3302
14963
1
2589
1422
6707
16899
1509
9735
8752
13755
17170
279
639
10999
5931
9567
13573
1379
4717
16267
388
17758
7672
9071
13753
5390
12739
2501
9905
15165
9178
17070
12810
2584
11248
5814
10059
3767
7368
3236
8482
14548
12707
4191
16397
875
17968
17954
8212
15411
4921
18879
5191
8830
12750
12449
10649
12948
19640
19553
9214
10274
958
6826
3766
11802
15983
5741
1466
9511
18295
10504
7914
19641
17404
19006
10977
8905
16991
745
10822
18315
3935
8071
3315
9516
5687
17165
5032
4510
908
16806
14685
14504
13471
18279
12576
202
14281
8449
9644
16562
17755
5958
13538
18349
163
12264
3096
2893
11506
8275
14355
18222
16339
563
15324
18360
9156
8925
17602
13223
3501
18467
5619
4686
7922
19834
14546
5196
11291
6787
2388
10005
10787
18499
19855
3382
8051
16427
2067
15401
2287
13680
7132
2273
2541
18667
19829
587
14244
10638
256
19918
19550
15004
9701
11104
10510
5386
14784
522
6251
5355
6013
12036
1350
9674
10239
18771
6974
3122
5778
795
1674
13879
16784
15230
5427
7297
13560
17114
19603
4557
18226
15550
14900
11211
2596
16301
7722
1497
4799
13521
19328
15242
19570
19572
14945
7889
16441
4991
17305
16568
14721
4446
15874
19709
13661
11943
1685
10437
13738
15447
9748
12653
11973
9546
2393
2756
5509
11647
3639
8515
13717
7807
18738
2474
12474
14091
17090
984
16493
18527
17679
12999
7415
4085
19936
12857
11298
11774
468
18805
15993
14952
2836
2848
10515
15286
14148
6993
11177
13038
1532
14916
10393
19131
3499
1658
13104
11457
5996
7861
12708
6130
4409
2962
9833
1938
8969
9090
17026
14928
9335
12645
13532
3679
14028
3476
11988
17456
9039
15570
13778
9119
10671
9854
3567
7702
15767
9137
4809
3946
19960
1111
9229
7816
15073
2927
2351
12064
426
11092
18504
14107
769
6859
11450
1448
17309
18640
17107
5695
142
12274
14704
11756
15166
2951
10563
16422
7208
16560
15115
6161
19071
7479
13006
6579
19962
2357
5644
10285
13270
10884
6110
3953
13261
11615
3194
8814
12583
12900
18942
16749
9318
11749
1282
8130
15331
19793
4943
13245
12630
14126
1589
18225
8808
5042
12427
13563
16336
14858
41
8721
8596
12570
19790
18608
2104
14273
12514
1376
11258
3696
4344
16205
5905
18777
19078
4125
9254
1671
15646
19690
1990
10872
4884
807
14270
10508
18955
4626
11709
574
7068
13638
8578
12718
15798
6382
13043
13938
15372
8068
6165
851
3060
11824
15635
11147
6452
3769
14259
11402
11425
19178
14277
17585
6561
14990
14375
4992
17829
2007
11091
141
15013
2347
14155
9243
5321
16011
11985
16540
19367
16227
1015
10817
16103
7532
9060
18229
7006
17632
8974
16963
6650
1791
351
17983
13179
5148
12405
19745
11813
15072
4804
5601
16453
2335
4536
3744
17267
10388
12945
13926
18712
8549
16245
11627
2695
418
16425
15402
8017
15742
19923
6308
18355
4539
7695
5576
18848
15927
7266
7545
9990
17729
7739
5765
5056
17660
15659
12328
5267
3191
6300
7844
4607
11103
2488
11919
13505
10477
78
6069
9494
591
10025
1942
10553
15328
12236
6551
9220
19567
12960
176
676
7439
10127
5161
1251
9084
6392
15429
10673
3823
8074
17042
19101
17784
18961
3556
8840
6070
7533
2859
8055
729
8675
7812
6702
5128
11084
10041
1672
1915
4276
869
9556
18614
6104
18622
16171
4899
13704
4760
1797
15949
11316
15289
14974
7519
15579
16120
16635
17900
16390
12097
1772
6445
17504
13187
10097
16804
19059
10712
682
3506
4323
15184
565
17197
15344
16506
8845
4208
4796
10637
19316
9718
6299
14800
15845
8026
16467
453
15432
4239
9422
3391
14651
10615
358
11264
2307
15108
14341
240
17354
7819
4947
4362
13943
17864
826
18429
16406
2364
11538
15141
17801
4105
18449
1868
7772
19346
7974
6878
15277
10034
18159
18968
6766
8906
10450
2869
12593
13913
11755
5873
1215
11788
7750
2594
14335
11971
17686
10722
5562
10847
5075
8577
14223
10803
6425
13891
2546
2429
18700
7863
1722
19587
13230
11724
9527
2632
16168
12648
5678
324
16885
17
11536
8831
2616
6781
15067
15665
15352
7337
15982
10774
18108
2505
10125
19141
13603
398
13069
11545
19010
4723
2376
16646
7945
16318
9725
8631
12700
7930
11453
13649
16068
12772
19726
19752
5241
1789
8973
7131
1588
3930
18106
15168
4637
15791
7923
9247
6581
9298
6530
5219
17682
16446
16947
2778
13858
19737
12893
8579
2155
10723
16572
843
4675
4780
11120
6609
8050
8698
273
10103
4050
8998
9524
3657
14951
16798
19284
15136
12803
2453
3127
4346
16616
13870
19139
14362
9771
14901
4408
3163
6720
7391
5842
8676
14403
3217
2745
1678
13654
2250
3284
10367
4353
13448
5754
19
9300
6629
13403
17266
14813
3804
18061
13768
5583
6072
5493
10931
13404
19674
15151
860
8317
17360
5784
14616
9750
18653
4176
127
4144
13339
1848
7363
2641
15205
886
4141
535
9778
1777
14647
5729
14907
13156
6895
11847
5676
7270
9474
4771
225
4774
816
15403
3689
13212
4746
15942
12115
14689
3612
17827
15284
9150
1115
1963
7821
14839
17837
12814
19678
19451
14400
1458
18173
2018
11792
9128
16884
9011
15642
1432
4687
2426
6021
15102
18410
13493
14887
18537
9490
14695
1989
12907
2294
1652
4918
733
12661
2240
17434
16530
751
19483
13204
928
15820
15367
11682
12368
19608
19344
11583
18166
1411
3112
9505
3477
14929
2497
17219
5290
9711
10281
11122
14181
6344
16142
8940
7777
1802
4768
2567
15618
9129
19130
11901
15276
14824
1694
2180
3675
4252
7848
18469
1574
15091
3618
13984
12303
8342
11169
13624
6320
13939
17888
2839
251
5697
5588
12354
11559
6769
14961
7908
5578
722
5581
17835
15300
18722
12273
5810
10781
11352
11719
18367
19543
1533
6948
5224
6602
19217
9571
9467
13241
14104
15788
827
12082
14850
9401
2992
2844
3216
1164
16880
2534
13616
16062
9838
11226
2574
15434
5903
2723
3697
2439
5587
2433
15933
13027
19080
18904
15038
11750
16857
10536
10459
12837
15050
5987
11129
12083
8319
10150
124
6932
573
16949
8898
9374
13461
416
1603
17254
4710
1188
9684
4414
3340
3708
475
16592
6700
10586
16608
3511
9026
18170
15699
10152
14549
1854
5014
14729
13369
1198
1106
201
8805
13154
723
12245
5138
9952
6562
4371
13266
2800
10676
5503
17893
8021
401
15291
2643
19155
14758
1263
15744
5006
1031
10335
2445
16664
7238
19271
5237
5566
14797
14667
7715
7686
6364
13625
13665
3746
18787
6586
547
15862
9706
17428
14783
19091
18914
3927
5297
15712
17547
9317
13929
2269
16129
1280
7614
5639
17875
3731
16474
17908
18716
13093
7133
3992
6937
3440
716
11870
18792
8623
15056
12793
15936
9976
10340
15931
4049
19946
11864
14615
15918
19038
6414
19002
6905
11701
11714
16925
16338
15301
19057
481
2525
1022
3203
3205
14002
9927
12894
1617
12659
7885
11575
337
498
8954
18804
15275
6442
3023
19027
11589
15726
9173
17684
3793
17328
6141
182
4226
3548
3515
2934
12128
3710
13815
107
9114
17205
5375
18453
9481
5028
4850
13007
3825
4009
18536
10893
10489
13350
16574
3319
7937
15913
14246
13237
5046
4251
17180
13880
15063
3472
9079
9629
10955
13077
9148
19760
18858
8679
4754
2144
10982
3213
9918
19029
12213
19150
17584
3443
19473
3126
15058
6540
17717
432
11530
2405
12229
3667
12986
2300
17725
17933
10621
5888
5421
8403
1987
2674
6422
6036
15320
18363
1287
13740
14530
7870
8668
4930
14360
15648
9305
15155
14899
19873
8456
1798
16330
19977
1552
13786
678
12465
16094
13819
16021
2847
10983
8435
8183
17155
3149
2062
16872
12042
3563
13746
12966
17270
838
7216
17995
15261
10220
8917
10084
12509
6840
1733
8485
14100
19563
19784
691
1099
16661
4983
12483
4807
17484
7370
11348
16408
1025
10883
3974
19541
7237
16250
15133
10345
7736
16045
13138
19547
16472
5785
15864
6504
8143
15306
13936
19612
12505
97
4522
12151
17860
19325
14243
1734
5685
16436
10116
2053
14105
6253
15162
14635
18750
19591
16109
16212
3320
5030
12637
18041
17739
10852
8303
9492
630
16375
277
16386
6960
16333
3806
9793
4630
166
8505
13730
1303
5009
16725
1194
18714
17089
8036
6811
970
347
14741
19167
11745
14089
1867
7761
18242
17818
2012
16556
92
191
12913
16846
17003
8322
18809
16201
14037
19205
9276
11380
18381
371
1576
16861
7486
16929
11134
3900
5176
2295
5648
3161
18557
17951
3329
13773
8395
624
17853
967
8718
2177
12433
632
1633
15117
2629
415
10696
12362
16951
6776
1122
12230
3869
6407
7124
3002
18239
18839
4946
6792
19911
17217
650
12931
1149
13233
13705
5420
13247
4713
2254
19364
533
4668
14059
16999
3456
13023
3550
9809
19930
17595
10730
18493
8316
9209
13868
6201
7219
7583
12606
16078
11080
7674
4757
7400
18663
12387
543
19416
14366
10511
7411
9112
19721
19953
370
9938
10631
9875
2831
8914
8589
16458
12649
6498
13542
4232
15278
14342
25
4823
6458
7675
2209
4674
12341
7044
7466
7095
17518
14578
4440
11381
10355
2205
6746
3785
1362
12865
17824
16193
4406
16025
18088
17402
12584
11036
4126
18207
12668
4449
3539
8540
16256
17833
19825
7091
4273
14828
14760
18058
11014
2565
10719
14115
6075
10475
17190
9051
7155
4685
17141
15588
3693
3821
13979
6332
12959
19315
9352
1994
19350
11611
16552
19969
12326
7655
4596
4889
13388
13425
7192
1703
9425
18835
4759
10675
14221
8535
11552
14476
566
6925
17551
812
11639
17733
6619
14348
9428
3703
153
17439
8175
17159
19109
7575
12647
18598
4733
20004
1927
6230
16980
6754
7015
504
15765
19700
8728
6213
8094
9353
17313
15960
13443
18101
19086
19813
2179
16319
6584
1681
18203
14739
5918
5460
13591
11011
6351
14351
17878
4737
11174
8086
7529
175
4803
15150
1731
9408
4826
16893
1083
13699
12263
18684
14240
13523
16060
4663
3282
8090
15667
11374
13455
10589
3307
18187
6635
10066
3004
16324
16734
11006
6335
2933
9052
2290
1450
19458
2500
1717
11475
7301
3998
7598
11432
4699
13193
3405
11460
1499
16194
16278
9330
12724
9260
16279
7321
14022
11596
11817
4343
10141
12169
9253
19242
19765
18301
19008
9697
14415
15512
15033
16070
8610
508
18064
5571
17145
2372
17277
15835
11585
1159
12084
8346
10937
7813
16817
16569
5709
5455
4146
2448
19013
4269
5142
10861
17117
502
4879
11454
18593
7130
3145
1449
15088
7854
2406
12050
9512
11805
11893
12562
4087
4778
14896
8014
15032
19090
3598
19199
8798
14036
15565
15523
18856
3894
2657
16409
4324
19310
786
1296
5317
3622
5325
2669
16398
11448
3864
18948
11403
7463
18254
3277
19546
4726
7060
19919
8901
13610
15378
10021
17791
8347
17198
16843
2647
13071
19677
3891
9431
853
583
17681
19569
14985
12692
16976
5665
4424
18626
5379
14050
15999
5875
14977
10188
4667
16516
13180
17876
3557
19588
179
3219
7744
492
1856
2259
12365
15591
11645
10727
2194
16282
2454
4968
3668
4738
11537
17568
7513
8341
12775
654
10439
455
16244
13186
12147
5292
2206
10843
17520
2456
14327
64
6228
1940
9176
15777
15034
17234
14641
4112
11790
94
15848
18665
19755
13283
19025
7007
18153
2658
16711
4370
4410
14290
10772
4274
11164
9196
15080
10819
19558
11833
13234
12838
16653
2566
11466
20003
18454
13401
14713
11306
3109
14150
9817
3540
15735
14038
3388
12896
147
14096
3621
402
5475
8251
14256
12660
1933
2789
15025
6555
12148
6311
10204
1088
12901
840
1999
3882
13747
17618
19060
3373
11359
11315
9499
3638
8349
16095
8432
832
1744
9597
12226
633
14848
5853
15986
7147
152
18542
9017
18177
14666
9531
9819
17332
14238
14367
6292
19119
6559
19357
6371
139
14543
19554
17140
14957
10068
5226
1320
4429
6832
10445
19396
6649
11588
6009
5363
11617
12071
8930
1939
11241
11367
19286
15231
14725
2606
9520
4450
4805
15123
11948
7319
5957
12666
10246
7635
1443
9764
5349
906
7079
12851
16151
19934
11478
9210
8517
1277
8031
4484
13047
5198
19584
5577
1308
17996
11398
17410
3876
15732
2256
8642
16971
392
10943
2550
14024
542
13390
2056
2944
1823
1501
1715
12634
8415
19769
3603
7840
2782
5764
5725
9359
16258
6325
14769
14775
1832
17657
7388
4160
586
12835
8853
15191
13321
7084
11221
6620
11033
17131
16043
5474
5919
2908
10990
101
15161
15178
6287
1930
7289
6585
10869
3752
8571
13098
17272
10337
14867
5253
17142
4906
8285
5558
17724
11229
3860
14212
12337
18906
9521
921
8165
13356
13172
14854
5645
11495
16640
5758
9756
10143
8673
14011
7818
10487
14802
6821
11415
5529
10289
1510
5568
901
16940
5048
8738
2714
8570
16518
6194
8369
18620
19066
9739
9872
16905
12516
16942
7732
15270
1581
2646
15718
9355
12855
10916
14947
19856
14682
3594
11393
11368
5384
9332
7284
10107
9386
7670
6340
11132
8618
6591
3528
18214
8241
1531
13620
3125
15739
136
17605
19508
6511
12329
7171
11520
6326
18841
8775
14709
9882
4140
19385
5800
10421
7725
541
10292
4312
12284
16551
13246
16828
11607
5611
1371
13211
5220
5178
2430
7076
3701
13268
19599
16816
172
14138
5886
3053
1895
13326
15096
14864
17754
12090
9174
13584
11470
15582
3509
7167
5963
17862
16996
4959
14337
16579
12060
7660
16115
19815
18018
4229
15170
15066
15639
16840
8801
7799
15556
16029
11100
14516
18228
7641
15721
18382
15902
5453
5574
12480
12958
1209
898
7530
9115
15962
14662
11941
15488
13621
11260
3687
15792
19890
3285
10535
16723
14338
2818
1776
4657
2888
19204
4462
14381
9149
4530
14023
7048
9654
8892
16067
13998
19691
4345
8702
990
12689
19850
8565
7229
19031
13569
8299
6394
164
8151
18551
16877
13732
6047
2495
16811
10522
17225
10176
13392
8859
13910
19999
9309
1346
3183
11934
4404
12491
12175
13864
19210
325
18832
12535
15254
8248
18103
12673
7888
2579
17790
6107
19622
3850
15236
3700
8690
11717
5514
10530
19189
3162
6851
7227
11854
17192
7746
18025
4998
2794
6587
12765
13079
3318
18820
11877
8961
8328
18881
15782
15569
9808
18359
10882
12817
8297
6601
9944
3868
4770
3141
16433
15551
18604
13537
19382
9880
17542
15415
7983
14727
5640
13472
4478
10524
14215
11090
5118
169
16553
611
1767
4149
15708
14260
11294
80
9962
15857
3934
1708
3153
12401
3295
130
13250
18094
14361
15714
7998
4747
7472
13596
12833
16400
11846
17977
14046
8064
8920
1760
19449
2326
5268
7943
3558
17792
10681
10078
13802
10788
744
1863
6321
2995
11722
15578
13123
18390
12007
16206
2085
5461
11012
3505
2195
16187
16209
7540
12047
12797
17937
10347
10131
13981
19476
13944
17347
16229
14143
5909
6410
5851
15719
6050
8893
14
13646
15308
1546
7585
12878
7951
15451
9262
5018
488
14553
9102
10848
13386
6065
6377
12170
11263
11007
12099
5430
2718
8674
15195
19299
18728
13636
11956
9361
5828
9561
13678
12615
8364
2215
14296
5910
15057
1309
8770
18031
14405
4516
7573
19272
5497
5033
14047
11032
2959
16735
738
5204
17031
3914
8214
8434
14897
4056
5977
11869
19652
11861
13635
9187
6784
3962
14531
16117
19409
4591
14073
7804
1169
14688
18133
13460
7366
579
9945
8735
16309
10625
5115
701
18985
927
6028
9555
11702
5135
8528
140
12496
15264
12038
86
10456
5688
13444
9900
14746
9683
11424
16890
11332
7173
5190
10768
17417
12400
7662
7188
11945
7921
13971
13502
18257
11651
7830
9812
850
7822
7433
8400
15535
3012
523
17320
8305
1536
9365
18399
7072
19089
9269
876
5465
12321
8833
12844
146
8519
18314
16452
8045
18150
12976
18045
7793
6324
17772
2334
11789
18162
17169
8968
10619
7222
780
9281
3015
11564
3272
4258
8670
14619
16119
7056
51
11592
9147
8125
3518
3496
13634
2656
16809
2030
8873
968
4734
16740
11257
19392
15198
19035
16100
8936
16139
19954
8022
12159
11640
8041
16351
11679
8193
85
15761
5946
17077
17063
10094
19820
8355
10572
10319
17961
8027
13892
2306
2891
3393
10902
13110
5272
8156
13423
5098
3605
7401
19049
19904
13720
2770
14294
9188
3259
8265
32
11844
5683
2843
13805
208
19625
13600
12475
18928
5417
17938
1375
4887
1763
260
2186
18320
3431
5925
11539
916
12139
9734
3915
3494
4373
18052
11093
14556
13550
4509
17507
17777
3670
1429
15376
1102
13184
19714
9883
12885
10740
19380
9172
2006
2264
15368
15837
18274
6791
11782
4194
1965
10663
18102
17310
9669
8909
17278
18135
6678
19589
2145
9785
3360
15746
6206
3010
19907
15209
4494
6900
15743
19532
17841
5090
19775
19173
4013
15599
2808
5064
9615
11445
2520
4080
8054
4249
7717
14225
895
15253
15737
6285
5763
659
5801
6062
258
10100
13982
1824
2741
5223
7497
19245
3332
17363
9153
3737
13887
19431
11322
9437
3475
19270
15204
9987
18069
1345
19492
13807
7512
4828
5037
17442
1825
12394
2681
1846
17010
11407
16862
13756
15393
14766
2153
9455
1959
11499
818
9852
2840
19079
16501
16335
13855
2014
7628
14289
13989
3462
14045
2384
6415
8427
19705
13436
5127
12096
1327
8887
11843
434
2329
6867
19501
4628
11350
6367
10133
1012
1982
5703
18894
6291
12737
12207
9419
12608
15940
1766
218
7967
15673
9866
7910
14759
11584
16498
16966
4054
2483
13498
9388
7418
3662
6526
18929
13127
14687
9488
15847
18566
7742
10830
11895
12153
10980
18397
8716
3296
12104
15598
5419
10790
8612
7379
9566
1236
5023
12864
8433
4284
10016
12998
7894
9879
5122
16182
19285
19830
5059
18234
12259
14308
5173
10196
3079
11533
12348
14763
10157
1573
9529
315
2130
9093
15695
5367
9867
16248
16329
19915
17050
7065
7380
13707
485
15596
19985
15978
252
4397
13743
6762
19279
17304
5535
12131
4398
1151
9244
16599
6575
15825
128
13201
7417
11423
19420
4422
7963
19322
1597
8711
16132
12467
7932
18977
12759
5541
17958
12315
16512
4039
13004
4096
18602
6077
11954
9663
15520
20
11590
4095
8147
1206
5012
6973
11439
18194
10656
8621
17086
2418
1770
4561
18148
4135
8070
11757
1813
672
16028
16534
10002
4902
15794
10497
16480
18587
15001
12694
7767
2345
5713
19967
18766
2025
