14958
25814
26522
10513
7183
1097
5828
24753
24356
16075
24721
2330
9121
7991
30400
35731
10675
33857
17387
10764
9253
30652
11060
6374
47651
4952
40761
3335
46922
4816
19730
3971
48318
48516
17486
25199
36155
43289
49535
21074
36289
41277
349
650
8383
39179
37999
46486
32058
26599
46303
46420
24644
28636
11297
30971
10955
1629
16721
25696
23997
44035
42644
38748
308
26311
33728
22271
37083
47298
19104
799
2322
2964
9966
21466
7243
28133
25288
37843
33530
32217
41929
16213
30426
14025
7731
6504
47946
38618
41682
4645
1522
12807
4929
47401
29599
34944
3789
752
15572
16704
21387
44476
4601
2459
9292
13194
45166
13225
13915
10798
42201
7530
23449
36312
21306
21043
2421
23786
13549
10526
48105
1980
22970
47446
22304
47685
28311
31970
42630
31369
19818
13583
39815
40741
44545
35855
9604
1740
37240
38344
48653
39104
44830
32713
29888
36106
29099
25748
14116
39196
46839
48908
18713
129
29173
28650
36955
1428
21119
31888
8410
11176
1473
36201
10487
15992
30271
20396
34500
18192
27048
30591
4673
33249
40843
35343
2804
17355
46380
29092
19492
983
28178
35996
37102
36924
5323
18940
6860
38179
39574
46763
20287
10867
8296
28179
38466
43951
39037
7747
27832
43451
33328
22109
23808
34601
39914
9077
31904
9934
36819
24881
40861
23924
48289
376
38091
10151
16513
7490
45666
33128
16235
31756
26985
27175
2967
23659
6479
38000
12363
45123
2342
33146
32659
6972
27686
48492
9657
6260
41036
40867
13043
18402
21903
14079
17884
47215
47061
41258
16548
14712
22924
8782
35554
20267
4282
6170
15959
22320
22286
44799
14732
17352
24844
25808
29160
1466
6735
12420
49067
189
18424
32839
14807
27425
37130
14138
46137
45956
7464
12133
16391
39480
11979
33058
19390
5494
4868
29803
23507
22112
30830
6518
23972
22329
42754
11612
1296
4655
32617
13902
28924
44968
46981
28401
2882
18803
31471
36491
23245
49130
16225
9895
18102
26412
47994
35665
48239
39230
21158
30609
4214
9751
24367
5003
41677
42628
39530
4192
41628
11732
4798
8925
8097
5521
38410
11887
42621
40703
12785
22308
35411
36836
47550
30257
21023
21997
30539
39286
12509
2932
48197
2490
32790
3548
11772
19728
4270
872
37628
22521
6682
30595
341
4314
6904
44666
39584
35551
15483
20404
22435
41274
32683
2512
10266
44017
38208
43253
25178
23043
13055
15548
46614
3140
12252
24642
15870
46394
31488
694
8578
27681
16375
16531
38716
31358
10681
40241
7930
26007
36531
21297
18849
8132
3918
29039
11643
32341
26178
13368
4162
42226
1130
49921
34664
28216
25891
28512
23952
12178
21539
49641
5928
14268
49930
5371
7347
44165
18839
28627
20622
29289
22690
39236
1711
29140
37049
757
25605
17203
16219
16553
23491
46294
2248
906
26045
34083
44178
13841
46935
12777
21774
29596
37032
8136
12409
8882
14413
33502
25581
36038
26815
46632
48069
46881
29837
26724
5566
27940
29659
28302
27724
17488
7396
2209
41524
39709
15949
33781
39826
47105
448
30177
2060
6743
3574
14216
9438
28619
5699
39396
5432
3701
16186
35782
15275
25710
26465
10819
7408
962
6411
24470
24024
16087
24450
2339
9476
8244
29986
35440
11000
33569
17475
11179
9549
30209
11585
6889
47618
5422
40814
3620
46786
5243
19810
4332
48603
48818
17593
24979
35861
43167
49663
21137
35966
41322
206
506
8696
39234
37779
46233
31311
26498
45988
46173
24336
28474
11799
30492
11470
1611
16774
25567
23646
43954
42652
38725
140
26294
33399
22212
36850
47182
19324
743
2328
3085
10271
21437
7475
28089
25071
37551
33228
31534
41862
16256
30009
14288
7988
6969
47989
38596
41627
5112
1551
13129
5356
47314
29283
34554
4050
644
15710
16770
21398
44359
5084
2582
9582
13526
45084
13544
14201
11301
42121
7774
23151
35990
21293
21088
2466
23379
13897
10826
48215
2067
22763
47453
22265
47670
28244
31209
42637
30792
19930
13940
39848
40758
44415
35613
9918
1736
37012
38271
48972
39132
44757
32226
29571
35810
28844
25611
14351
39240
46658
49196
18716
64
28882
28476
36641
1413
21151
31152
8757
11686
1494
35914
10790
16019
29894
20536
34202
18117
26935
30120
5146
32860
40958
34923
2851
17461
46135
28840
19598
879
28105
35728
36868
36611
5805
19046
7286
38031
39652
46588
20440
11403
8600
28110
38446
43847
39023
7992
27730
43267
32959
22043
23428
34263
39953
9411
31166
10249
36546
24579
40967
23548
48570
236
37979
10453
16575
7709
45602
32679
16275
31107
26877
27073
3103
23275
6959
37792
12841
45040
2389
32684
32135
7349
27582
48791
9965
6814
41087
40971
13366
18388
21888
14336
17843
47088
46914
41291
16598
14995
22710
9080
35235
20391
4615
6751
16017
22292
22221
44725
15042
17457
24544
25697
28876
1464
7238
12893
49348
94
18415
32348
15114
27268
36879
14379
45866
45736
7706
12586
16385
39490
12360
32603
19570
6040
5287
29473
23195
22048
30362
6988
23601
22303
42684
12064
1301
5144
32042
14182
28780
44960
46865
28280
3009
18832
30856
36208
23032
49383
16268
10188
18069
26350
48036
35357
48441
39275
21154
30166
4553
10039
24044
5460
41617
42625
39566
4528
41579
12170
5236
9251
8389
6068
38330
12291
42539
40678
13118
22269
35012
36550
47542
29875
21080
21984
30103
39340
12949
3034
48312
2597
32305
3840
12228
19793
4585
823
37354
22382
7173
30135
176
4631
7289
44529
39654
35188
15610
20549
22358
41307
32189
2615
10544
43932
38084
43102
24932
22882
13402
15692
46332
3379
12702
24329
15903
46140
30879
561
8920
27576
16365
16588
38710
30783
11007
40145
8201
25974
36251
21280
18890
8450
4250
28810
12114
31703
26180
13740
4496
42143
980
49977
34300
28148
25852
28352
23578
12622
21538
49768
6495
14461
49989
5841
7597
44107
18879
28441
20752
28989
22503
39277
1724
28858
36732
676
25438
17274
16261
16629
23192
45977
2283
835
26026
33866
44146
14101
46796
13108
21706
29277
36679
8475
12865
9210
14659
33196
25405
35779
26742
46376
48138
46730
29494
26637
6122
27868
29314
28210
27625
17606
7607
2268
41519
39771
16012
33539
39902
46993
302
29813
2184
7255
3899
14455
9781
28420
6295
39405
5939
4011
16248
35531
14620
25593
26287
10406
6857
1067
5715
24569
23919
15589
24500
2205
8967
7797
30110
35126
10582
33282
17016
10671
9078
30371
11035
6236
47508
4771
40189
3181
46673
4620
19218
3645
48270
48472
17122
25018
35493
42821
49573
20633
35656
40832
335
724
8166
38502
37185
46202
31371
26390
45969
46106
24392
28333
11288
30628
10933
1705
16232
25455
23453
43593
42180
38022
271
26169
33175
21824
36307
47074
18612
832
2202
2816
9660
21040
6927
27764
25101
36885
33030
31493
41423
15705
30139
13819
7477
6388
47846
37925
41145
4453
1576
12710
4730
47252
29351
34268
3474
810
15124
16221
20959
44174
4425
2408
9137
13163
45021
13195
13761
10756
41681
7211
22897
35677
20850
20572
2346
23165
13448
10412
48015
1971
22535
47316
21860
47565
27984
31280
42172
30849
19270
13486
39233
40163
44203
35259
9404
1792
36423
37594
48545
38451
44627
32071
29658
35466
28705
25495
13856
38509
46564
48784
18138
54
28814
28343
36154
1475
20671
31229
8173
11168
1527
35596
10391
15505
30005
19915
33871
17669
26762
30258
4491
32642
40236
34614
2702
16919
46053
28689
19001
1008
27816
35353
36330
36138
5131
18364
6616
37343
38905
46522
19789
10842
8081
27823
37686
43484
38352
7480
27482
42986
32706
21590
23237
33932
39339
8881
31231
9639
36094
24719
40256
23395
48244
400
37321
9916
15982
7136
45654
32457
15765
31090
26696
26855
2826
23069
6362
37198
12380
44995
2224
32470
32030
6704
27328
48414
9440
6133
40428
40281
13033
17832
21446
13848
17362
46943
46819
40787
16041
14426
22495
8528
34960
19743
4038
6063
15477
21886
21841
44584
14439
16900
24699
25587
28802
1501
6558
12448
48973
90
17844
32167
14496
27076
36340
13934
45852
45785
7116
12137
15899
38766
11934
32409
18888
5340
4677
29563
22974
21591
30480
6392
23442
21900
42227
11486
1334
4482
31979
13759
28641
44776
46759
28107
2759
18198
30894
35849
22808
49020
15751
9597
17582
26219
47903
35063
48146
38546
20696
30317
3944
9503
23951
4811
41143
42168
38861
3889
41084
11650
4616
8726
7888
5370
37645
11813
42155
40126
12697
21867
34663
36095
47432
29995
20570
21513
30246
38592
12533
2772
48101
2476
32151
3301
11710
19217
4014
910
36658
22014
6499
30286
288
4070
6626
44335
38907
34930
14946
19918
21981
40828
32057
2491
9989
43572
37374
42774
24962
22639
13036
15109
46299
2957
12200
24379
15356
46082
30940
778
8333
27326
15895
16030
38007
30836
10588
39580
7714
25861
35870
20842
18239
7942
3586
28667
11538
31684
26051
13314
3847
41763
1107
49969
34023
27865
25695
28176
23416
12156
21131
49710
5818
14029
49972
5204
7026
43781
18225
28327
20077
28934
22275
38556
1788
28748
36197
820
25381
16739
15731
16050
22966
45953
2136
933
25911
33519
43856
13675
46683
12694
21285
29345
36173
7948
12399
8676
14174
32981
25367
35387
26593
46373
47957
46633
29581
26541
5417
27557
29417
27973
27373
17127
7047
2126
40980
39060
15468
33263
39242
46877
502
29942
2079
6583
3331
14021
9272
28301
5603
38705
5248
3436
15696
35172
14936
25627
26161
10441
7121
1104
6108
24411
23942
15854
24358
2348
9052
7839
30186
35582
10575
33814
17292
10745
9145
30571
11028
6557
47848
5107
40922
3472
46932
5006
19518
4089
48543
48808
17391
24906
36074
43402
49742
20631
36219
41493
287
774
8246
39194
37904
46472
31740
26244
46349
46432
24192
28155
11293
30838
10931
1785
16561
25447
23461
44124
42766
38891
229
25996
33653
21921
36990
47462
18954
922
2337
3105
9908
21103
7138
27698
25058
37669
33422
31975
42037
15967
30213
13976
7533
6637
48063
38697
41827
4829
1685
12776
5086
47603
29165
34801
3843
865
15361
16547
21017
44562
4796
2525
9166
13170
45456
13202
13925
10784
42351
7426
22933
36226
20929
20601
2432
23253
13541
10454
48262
2051
22560
47705
21982
47897
27880
31603
42757
31146
19647
13590
39868
40888
44635
35790
9489
1879
37162
38390
48928
39158
45075
32527
29561
36043
28657
25509
14031
39211
46825
49143
18422
59
28717
28157
36828
1539
20685
31535
8259
11131
1573
36140
10427
15794
30013
20152
34437
17863
26624
30389
4855
33100
41016
35144
2931
17214
46417
28631
19312
1059
27722
35937
37038
36809
5473
18673
6868
38085
39608
46757
20067
10854
8158
27734
38449
43968
39108
7539
27304
43497
33159
21728
23286
34490
39950
9024
31544
9897
36761
24606
41021
23382
48517
333
38012
10044
16345
7318
46081
32939
16018
31440
26559
26711
3108
23122
6619
37906
12304
45415
2359
32980
32449
6945
27212
48772
9600
6491
41159
41027
13001
18169
21567
14018
17614
47306
47131
41461
16401
14674
22523
8686
35437
20050
4392
6430
15793
22007
21952
45038
14702
17184
24571
25563
28712
1556
6812
12370
49298
91
18186
32630
14751
26939
37080
14089
46262
46196
7309
12045
16243
39526
11855
32881
19234
5705
5046
29449
23048
21731
30721
6658
23417
22011
42801
11477
1405
4847
32404
13918
28554
45249
47008
27967
3016
18482
31198
36511
22866
49336
16013
9842
17831
26064
48118
35500
48426
39287
20714
30461
4302
9667
23977
5129
41826
42752
39575
4288
41738
11596
4994
8863
7946
5720
38432
11727
42740
40863
12750
21990
35245
36762
47797
29982
20593
21686
30347
39341
12454
3052
48390
2562
32607
3617
11628
19514
4349
995
37417
22143
6758
30424
253
4414
6883
44859
39609
35427
15278
20159
22105
41486
32517
2565
10137
44108
38126
43339
24847
22664
13019
15335
46571
3287
12155
24189
15641
46423
31204
792
8420
27210
16228
16364
38880
31141
10587
40226
7802
25716
36554
20918
18506
8013
4025
28592
11531
32142
25933
13302
4221
42365
1121
49970
34501
27759
25667
28075
23401
12096
21207
49807
6200
14161
49975
5520
7224
44234
18497
28149
20330
28824
22364
39289
1856
28698
36946
869
25315
17046
15996
16411
23033
46341
2270
1010
25765
34029
44313
13826
46950
12707
21420
29159
36894
8028
12332
8808
14321
33371
25307
35998
26525
46596
48186
46882
29460
26408
5799
27441
29247
27831
27246
17401
7234
2223
41658
39751
15778
33788
39885
47204
446
29923
2154
6837
3679
14155
9334
28135
5963
39423
5578
3795
15953
35715
14943
26048
26886
10500
6879
1143
5768
24810
24171
15909
24797
2178
9204
7851
30242
35212
10661
33272
17437
10765
9349
30474
11092
6270
47374
4801
40588
3260
46490
4695
19532
3776
48179
48447
17556
25351
35641
42969
49598
20890
35843
41097
345
660
8379
38972
37665
45962
31612
26911
45775
45902
24630
28464
11510
30734
10951
1654
16615
25863
23737
43632
42342
38543
272
26710
33209
22098
36694
46884
19032
876
2175
2899
10023
21281
6924
28040
25436
37463
33038
31775
41648
16058
30256
14284
7531
6361
47626
38386
41337
4395
1557
13186
4756
47139
29267
34261
3599
816
15454
16605
21201
44032
4382
2363
9364
13681
44994
13715
14251
10851
41825
7283
23133
35868
21171
20832
2257
23424
13959
10525
47883
1889
22683
47216
22144
47403
28213
31505
42319
30967
19654
13993
39576
40553
44095
35429
9695
1739
36914
38123
48588
38923
44689
32302
29679
35611
28797
25931
14359
38979
46372
48860
18523
86
28875
28470
36523
1406
20956
31433
8404
11249
1471
35774
10478
15734
30125
20173
33816
18052
27199
30413
4438
32789
40647
34699
2710
17402
45869
28796
19360
1004
28074
35522
36711
36488
5173
18766
6591
37875
39356
46276
20108
10890
8279
28076
38213
43549
38852
7536
27718
43049
32842
21838
23473
33906
39701
9153
31446
10006
36420
24920
40658
23634
48143
378
37839
10174
16383
7154
45571
32645
16105
31305
27144
27258
2900
23327
6339
37677
12663
44963
2196
32654
32268
6681
27596
48425
9750
6206
40798
40660
13466
18290
21684
14316
17800
46789
46648
41077
16445
14857
22621
8792
35027
20096
4057
6168
15730
22153
22133
44614
14869
17338
24884
26023
28837
1451
6535
12723
48955
145
18300
32445
14905
27417
36740
14388
45702
45644
7110
12368
16216
39284
12154
32593
19285
5364
4725
29539
23200
21845
30600
6387
23655
22183
42418
11845
1333
4429
32225
14244
28744
44834
46531
28255
2821
18602
31053
36142
22990
49013
16085
9949
18034
26812
47735
35151
48023
39005
20967
30442
3957
9782
24230
4864
41305
42315
39302
3948
41286
11930
4687
8981
7984
5434
38146
12075
42313
40529
13164
22148
34776
36428
47295
30094
20828
21771
30354
39125
12846
2835
47975
2418
32391
3418
11957
19528
4032
939
37172
22243
6498
30414
310
4103
6603
44370
39369
34994
15348
20206
22210
41093
32285
2442
10247
43620
37928
42907
25301
22783
13472
15434
46093
3044
12510
24624
15663
45873
31061
674
8554
27579
16195
16433
38517
30962
10694
39958
7767
26346
36177
21117
18633
8068
3732
28785
11871
31953
26584
13828
3919
41852
1169
49954
33961
28146
26130
28334
23638
12417
21354
49699
5894
14469
49974
5225
7043
43758
18627
28414
20409
29041
22417
39009
1712
28809
36631
831
25785
17146
16073
16463
23191
45767
2116
951
26367
33512
43810
14151
46502
13145
21566
29265
36566
8080
12691
8915
14607
33015
25779
35563
27050
46145
47859
46446
29597
27003
5488
27817
29376
28191
27624
17570
7058
2105
41237
39481
15723
33239
39596
46722
447
30037
1968
6560
3460
14447
9568
28388
5653
39186
5264
3556
16024
35318
15815
26686
27279
11166
7266
1204
6042
25606
25026
16933
25588
2374
9703
8320
30567
35712
11322
33818
18317
11437
9832
30867
11722
6615
47714
5152
40957
3426
46961
4990
20387
4000
48411
48666
18463
25981
36103
43467
49661
21858
36202
41587
339
814
8799
39318
37921
46525
31977
27305
46318
46471
25425
28952
11949
31137
11551
1875
17670
26504
24687
44325
43005
38851
277
27092
33707
23055
37169
47230
19825
999
2373
3124
10724
22305
7345
28602
26095
37750
33504
32216
42323
17094
30618
14896
7978
6778
47952
38717
42033
4822
1780
13528
5100
47440
29842
34846
3799
981
16419
17665
22224
44700
4808
2685
9879
13990
45504
14004
14792
11465
42530
7729
24190
36207
22099
21809
2532
24440
14408
11185
48161
2120
23721
47505
23093
47732
28730
31864
43000
31439
20478
14477
39893
40938
44756
35867
10407
1986
37317
38424
48730
39216
45206
32805
30133
36057
29393
26548
14960
39332
46899
49005
19338
128
29450
28961
36988
1647
21915
31791
8836
11819
1717
36127
11160
16812
30441
21128
34472
18913
27689
30732
4850
33199
41037
35232
3002
18281
46428
29392
20122
1156
28629
35989
37184
36958
5503
19610
7103
38199
39677
46820
21035
11507
8730
28632
38507
44223
39124
7981
28306
43686
33294
22853
24487
34531
40051
9665
31801
10710
36869
25707
41062
24637
48395
424
38140
10878
17425
7601
46063
33056
17152
31688
27633
27797
3132
24326
6760
37936
13111
45492
2398
33067
32782
7160
28172
48632
10429
6483
41190
41069
13805
19029
22715
14932
18685
47192
47070
41565
17501
15685
23665
9284
35534
21011
4448
6419
16799
23146
23067
45178
15701
18278
25698
26680
29432
1691
7057
13159
49215
167
19071
32864
15733
27922
37210
14987
46246
46146
7578
12839
17315
39642
12630
32999
20076
5698
5043
30072
24244
22870
31043
6794
24656
23162
43058
12239
1521
4849
32764
14791
29276
45331
47024
28757
3031
19437
31543
36453
24028
49288
17141
10691
18856
27158
48004
35627
48328
39394
21928
30766
4316
10515
25065
5205
42016
42989
39662
4275
41942
12349
4968
9450
8452
5729
38471
12532
42966
40904
13517
23119
35328
36871
47621
30393
21804
22779
30713
39456
13252
3055
48301
2711
32849
3562
12390
20382
4366
1081
37537
23238
6982
30735
305
4463
7113
44931
39682
35510
16280
21148
23207
41583
32798
2722
10978
44301
38253
43425
25894
23803
13840
16377
46638
3249
12974
25418
16658
46436
31551
852
8993
28147
17305
17493
38840
31409
11328
40373
8265
26836
36532
22083
19491
8497
3960
29373
12281
32427
26969
14184
4203
42538
1244
49938
34565
28660
26747
28854
24650
12908
22390
49715
6094
15130
49957
5555
7446
44432
19483
28947
21370
29558
23459
39403
1979
29411
37086
984
26388
18170
17121
17518
24243
46310
2316
1093
26871
34105
44441
14724
46980
13499
22493
29836
37011
8500
13142
9397
15336
33464
26377
36022
27463
46684
48110
46924
30090
27401
5760
28409
29946
28723
28241
18470
7476
2305
41812
39757
16798
33765
39923
47111
535
30370
2240
7072
3595
15103
10206
28909
5961
39551
5626
3751
17055
35786
14660
25511
26139
10183
6824
985
5680
24307
23734
15534
24279
2252
8949
7701
30041
35208
10349
33405
17075
10517
9050
30427
10909
6273
47712
4870
40514
3223
46765
4751
19139
3805
48483
48747
17204
24864
35659
42968
49639
20609
35831
41009
243
633
8034
38864
37593
46208
31570
26199
46043
46144
24187
28252
11150
30739
10738
1585
16390
25382
23469
43734
42444
38470
228
25972
33274
21872
36642
47283
18610
807
2241
2915
9784
20972
6888
27680
24928
37289
33060
31748
41632
15719
30089
13719
7315
6417
48027
38337
41341
4550
1484
12525
4813
47465
29233
34422
3656
738
15093
16389
20926
44184
4452
2479
9103
12906
45164
12933
13617
10579
41921
7159
22968
35845
20847
20548
2369
23193
13291
10199
48201
1944
22488
47536
21937
47756
27928
31448
42436
31099
19281
13354
39469
40468
44244
35342
9381
1690
36768
38050
48855
38831
44654
32314
29547
35600
28630
25417
13756
38865
46577
49046
18173
104
28690
28254
36493
1342
20666
31408
8063
11038
1402
35739
10165
15478
29931
19927
34035
17691
26432
30284
4596
32768
40568
34786
2751
17035
46123
28621
18944
929
27708
35499
36656
36472
5085
18380
6582
37774
39200
46495
19767
10647
7982
27739
38148
43597
38747
7316
27376
43111
32828
21636
23257
34091
39559
8877
31416
9764
36373
24478
40617
23406
48448
286
37734
9924
16062
7064
45751
32648
15787
31353
26409
26524
2924
23087
6406
37603
12193
45140
2274
32675
32193
6721
27177
48665
9428
6179
40755
40627
12781
17936
21438
13753
17448
47135
46952
40991
16106
14480
22393
8538
35001
19762
4105
6107
15474
21958
21917
44612
14508
17025
24424
25493
28678
1374
6554
12222
49171
132
17940
32385
14604
26798
36666
13802
45944
45835
7041
11981
15902
39134
11748
32581
18895
5318
4785
29391
23030
21644
30594
6447
23418
21970
42525
11394
1194
4590
32125
13611
28504
44883
46868
28021
2836
18261
31139
36079
22860
49214
15762
9742
17676
26063
48065
35114
48369
38922
20706
30336
4026
9521
23762
4899
41331
42416
39189
4015
41320
11468
4734
8697
7820
5353
38122
11654
42404
40438
12512
21941
34829
36380
47624
29898
20541
21572
30222
39000
12339
2872
48325
2517
32359
3437
11539
19138
4082
854
37077
22066
6526
30292
234
4126
6599
44417
39203
34986
15041
19949
22039
41004
32237
2536
9994
43691
37831
42906
24800
22640
12796
15076
46320
3033
12048
24186
15385
46124
31142
655
8309
27164
15875
16069
38461
31080
10356
39867
7591
25729
36164
20821
18308
7860
3742
28588
11412
31852
25900
13117
3976
41936
1017
49949
34142
27793
25622
28143
23412
12003
21024
49771
5745
13916
49952
5159
6960
43912
18282
28236
20135
28860
22263
38936
1678
28663
36582
745
25294
16863
15726
16129
23026
46009
2159
896
25795
33663
43973
13550
46791
12508
21200
29223
36544
7866
12214
8633
14065
32985
25291
35561
26340
46340
48167
46622
29426
26272
5376
27474
29294
27926
27240
17208
6987
2150
41272
39326
15458
33367
39511
46991
361
29838
2050
6566
3500
13890
9238
28203
5513
39057
5206
3593
15657
35261
14865
25562
26259
10465
7027
1071
5943
24468
23867
15853
24422
2290
9044
7863
29789
35158
10583
33155
17374
10687
9186
30075
10994
6481
47575
5121
40426
3413
46792
5001
19389
4078
48487
48720
17464
24913
35647
43083
49731
20780
35793
40955
320
641
8369
38767
37608
46211
31265
26314
46027
46154
24237
28118
11300
30382
10873
1758
16504
25369
23577
43830
42390
38286
237
26031
33048
21995
36680
47184
18874
821
2278
2981
10028
21211
7079
27697
24982
37405
32779
31444
41704
15999
29824
14086
7613
6601
47983
38203
41390
4820
1582
12941
5114
47319
29017
34282
3914
760
15327
16484
21107
44221
4793
2480
9224
13268
45065
13276
13977
10735
41898
7405
22955
35814
21060
20741
2397
23296
13540
10481
48219
2000
22595
47383
22046
47607
27894
31172
42386
30659
19461
13605
39354
40374
44278
35290
9560
1854
36831
37980
48826
38703
44694
31992
29365
35584
28480
25451
14143
38780
46671
49071
18431
84
28528
28132
36495
1488
20846
31073
8391
11088
1544
35709
10435
15732
29669
20018
33860
17876
26692
29975
4873
32487
40478
34648
2790
17314
46098
28473
19212
973
27748
35426
36718
36429
5396
18641
6808
37787
39181
46581
19951
10813
8312
27756
38094
43647
38611
7618
27288
43193
32528
21784
23331
33935
39465
8976
31093
9964
36364
24596
40502
23505
48464
362
37724
10158
16198
7323
45699
32347
16025
30987
26633
26788
3013
23186
6588
37624
12576
45036
2311
32374
31944
6865
27161
48697
9621
6372
40672
40517
13146
18051
21613
14126
17622
47099
46988
40916
16260
14738
22566
8681
35003
19931
4393
6307
15720
22076
22019
44642
14742
17256
24573
25553
28524
1518
6764
12658
49226
114
18079
32116
14780
26916
36730
14202
45932
45843
7304
12394
16114
39111
12018
32298
19159
5628
5044
29245
23037
21787
30216
6633
23561
22097
42463
11527
1365
4872
31873
13975
28385
44874
46860
27936
2889
18500
30781
36078
22871
49264
16021
9906
17837
26133
48041
35093
48386
38826
20883
30032
4285
9725
23892
5160
41381
42381
39168
4258
41332
11697
4996
8818
7961
5674
38057
11848
42368
40330
12909
22052
34733
36369
47466
29664
20738
21715
29937
38918
12744
2912
48343
2499
32068
3606
11749
19383
4341
898
37186
22169
6734
29993
289
4401
6821
44413
39215
34990
15235
20030
22128
40942
31980
2539
10232
43782
37836
43036
24858
22678
13171
15317
46370
3209
12466
24235
15567
46103
30803
662
8593
27157
16104
16229
38279
30651
10584
39727
7829
25764
36136
21025
18528
8052
4037
28455
11595
31573
25916
13373
4248
41959
1094
49943
33968
27778
25601
28044
23543
12415
21302
49794
6051
14272
49961
5518
7191
43936
18519
28117
20251
28710
22327
38833
1835
28498
36589
771
25310
17095
16005
16298
23034
46018
2228
926
25791
33524
44000
13892
46806
12901
21410
29016
36538
8064
12625
8752
14430
32700
25283
35485
26494
46400
48166
46719
29281
26411
5761
27406
29081
27849
27189
17467
7201
2207
41185
39270
15712
33120
39395
47046
433
29644
2103
6776
3627
14261
9443
28104
5842
39053
5560
3824
15979
35239
14821
25758
26463
10283
6974
1080
5752
24564
24039
15865
24509
2284
8922
7794
30483
35447
10402
33398
17327
10483
9032
30788
10817
6250
47871
4860
40636
3269
47164
4794
19472
3874
48569
48794
17418
25054
35881
43101
49757
20867
36001
41207
365
610
8241
39142
37991
46636
31695
26528
46464
46569
24386
28728
11042
31069
10673
1680
16558
25629
23681
44156
42574
38754
280
26239
33231
21901
36893
47608
18950
859
2272
2881
9693
21249
7012
28125
25126
37703
33061
31872
41808
16044
30508
13816
7484
6468
48164
38645
41509
4611
1515
12626
4837
47723
29762
34577
3640
786
15367
16532
21169
44681
4594
2463
9068
13054
45697
13095
13731
10572
42050
7287
23201
36024
21111
20786
2395
23454
13460
10286
48333
1967
22696
47780
21943
47886
28324
31625
42571
31313
19592
13519
39658
40601
44720
35588
9415
1763
37036
38416
48920
39089
45240
32356
30026
35825
29287
25691
13874
39154
47052
49161
18522
139
29344
28743
36760
1399
20909
31576
8267
10919
1468
35911
10268
15746
30380
20198
34210
18036
26938
30640
4658
32765
40695
35035
2740
17281
46540
29262
19227
1014
28153
35693
36911
36746
5185
18725
6775
38206
39448
46975
20064
10625
8150
28154
38467
43982
39022
7496
27839
43278
32819
21699
23513
34292
39795
8892
31590
9686
36678
24752
40702
23617
48550
418
38138
9935
16330
7156
46139
32644
16084
31511
26806
27033
2914
23342
6435
37994
12258
45651
2298
32663
32306
6830
27661
48757
9467
6160
40925
40728
12905
18193
21546
13859
17729
47476
47350
41172
16388
14637
22644
8588
35300
20041
4225
6123
15745
21998
21919
45161
14648
17271
24716
25754
29340
1439
6728
12319
49253
190
18220
32447
14714
27352
36933
13923
46395
46260
7131
12087
16161
39383
11830
32578
19171
5365
4815
29930
23267
21710
30941
6474
23666
22010
42676
11277
1323
4652
32265
13729
29067
45462
47214
28431
2805
18607
31354
36375
23109
49347
16072
9669
17923
26338
48227
35374
48469
39198
20942
30691
4140
9536
24062
4891
41507
42557
39433
4092
41447
11501
4780
8715
7966
5377
38443
11616
42521
40578
12614
21953
35139
36708
47822
30366
20762
21646
30607
39254
12438
2819
48445
2487
32426
3406
11529
19464
4205
892
37437
22177
6646
30647
309
4245
6789
44927
39454
35274
15239
20219
22132
41201
32331
2523
10065
44114
38255
43047
25013
22811
12918
15329
46739
3094
12175
24376
15648
46543
31367
704
8429
27655
16156
16342
38734
31278
10408
40062
7702
26004
36424
21050
18631
8007
3800
29175
11345
32019
26182
13258
4036
42135
1106
49960
34315
28230
25855
28546
23631
12115
21298
49828
5855
14028
49967
5255
7067
44364
18617
28707
20419
29477
22471
39207
1749
29319
36802
793
25524
17116
16071
16414
23258
46453
2220
909
26055
33761
44414
13674
47181
12610
21451
29747
36780
8014
12277
8678
14211
33005
25518
35727
26678
46764
48297
47112
29934
26621
5454
27870
29811
28310
27692
17423
7104
2176
41366
39579
15743
33356
39702
47391
487
30322
2077
6740
3449
14011
9262
28687
5644
39336
5280
3584
15964
35536
15368
26227
26822
10845
6991
1034
5693
24788
24253
16480
24730
2251
9244
8061
30309
35579
11111
33774
17869
11184
9396
30620
11552
6245
47699
5013
40795
3276
47002
4784
19934
3838
48450
48672
17927
25476
36031
43326
49664
21406
36165
41354
265
612
8505
39450
37819
46438
31742
26848
46236
46351
24615
28549
11771
30850
11399
1610
17108
26057
24001
44072
42681
38928
202
26654
33665
22348
36978
47315
19469
763
2219
2956
10219
21683
7071
28123
25604
37580
33433
31878
41976
16601
30351
14525
7694
6365
48098
38778
41605
4638
1456
13370
4992
47461
29401
34731
3677
703
16001
17099
21618
44605
4622
2497
9434
13739
45378
13771
14467
11232
42214
7461
23555
36198
21571
21375
2357
23770
14097
10853
48238
1947
23129
47569
22442
47743
28329
31618
42672
31096
20134
14173
39879
40774
44669
35699
9825
1697
37112
38426
48809
39371
44996
32466
29753
35974
28960
26113
14564
39453
46844
49036
19034
67
29025
28560
36807
1326
21470
31538
8517
11620
1384
36076
10827
16373
30175
20697
34402
18467
27160
30546
4667
33024
40855
35097
2768
17827
46327
28959
19719
953
28159
35813
37014
36787
5244
19289
6692
38132
39764
46775
20635
11312
8435
28166
38530
43943
39280
7698
27791
43419
33088
22166
23840
34475
40029
9213
31545
10198
36713
25036
40875
23931
48435
274
38056
10390
16885
7414
45880
32848
16631
31453
27112
27277
2961
23687
6360
37824
12970
45287
2281
32878
32292
6834
27694
48652
9893
6158
41089
40885
13642
18761
22038
14562
18205
47238
47085
41316
16917
15197
23089
8838
35382
20613
4150
6111
16369
22464
22367
44952
15209
17798
25009
26218
29013
1378
6644
13003
49167
102
18779
32588
15263
27448
37020
14609
46171
46024
7391
12709
16725
39713
12497
32766
19674
5418
4865
29604
23613
22181
30729
6384
23979
22475
42739
12011
1232
4665
32245
14462
28886
45145
47036
28371
2880
19086
31186
36458
23427
49211
16614
10149
18429
26756
48126
35520
48371
39522
21485
30578
4049
9961
24299
5045
41592
42667
39743
4028
41544
12182
4783
9026
8152
5453
38483
12358
42632
40742
13358
22447
35184
36717
47641
30127
21372
22134
30465
39570
13133
2908
48339
2524
32552
3501
12248
19923
4121
867
37407
22623
6571
30555
214
4215
6705
44809
39775
35372
15841
20718
22573
41348
32407
2529
10520
44058
38226
43281
25407
23287
13662
15976
46645
3127
12822
24614
16267
46335
31210
635
8716
27693
16718
16910
38916
31095
11126
40157
7943
26458
36504
21559
19122
8290
3774
28915
12085
32039
26600
13881
3974
42246
1049
49931
34485
28215
26373
28459
23961
12729
21738
49783
5851
14723
49945
5315
7240
44280
19114
28547
20955
29115
22856
39546
1672
28988
36875
706
26011
17590
16612
16943
23608
46225
2199
883
26483
33994
44332
14387
47007
13346
21923
29384
36837
8295
12979
8992
14913
33404
25994
35856
27030
46654
48192
46959
29628
26955
5485
27899
29472
28309
27719
17928
7249
2187
41494
39837
16362
33736
39890
47148
360
30068
2055
6657
3531
14705
9654
28543
5612
39623
5352
3652
16592
35636
